#Seq2Logo.py -f test_data/test_seq.txt
#Position Specific Frequency Matrix
A R N D C Q E G H I L K M F P S T W Y V
1 K 0.052 0.093 0.041 0.066 0.008 0.063 0.069 0.04 0.02 0.025 0.04 0.29 0.014 0.014 0.025 0.05 0.037 0.005 0.016 0.03
2 L 0.096 0.026 0.026 0.052 0.016 0.021 0.033 0.037 0.012 0.115 0.135 0.034 0.038 0.031 0.053 0.073 0.061 0.005 0.018 0.12
3 I 0.048 0.018 0.014 0.016 0.016 0.013 0.018 0.02 0.008 0.258 0.184 0.023 0.035 0.041 0.014 0.025 0.038 0.006 0.019 0.185
4 H 0.1 0.062 0.053 0.038 0.012 0.047 0.049 0.049 0.132 0.028 0.042 0.052 0.015 0.021 0.057 0.112 0.062 0.005 0.027 0.037
5 L 0.045 0.022 0.014 0.015 0.015 0.014 0.019 0.021 0.01 0.111 0.316 0.023 0.04 0.098 0.013 0.024 0.033 0.008 0.029 0.13
6 T 0.093 0.035 0.064 0.04 0.016 0.027 0.041 0.05 0.015 0.041 0.053 0.045 0.017 0.021 0.026 0.134 0.204 0.005 0.016 0.056
7 D 0.045 0.051 0.055 0.315 0.008 0.027 0.069 0.125 0.017 0.021 0.028 0.045 0.009 0.014 0.054 0.048 0.032 0.004 0.011 0.024
8 D 0.076 0.06 0.09 0.159 0.011 0.036 0.115 0.048 0.02 0.026 0.036 0.055 0.012 0.017 0.023 0.1 0.062 0.005 0.014 0.034
9 S 0.094 0.037 0.049 0.044 0.016 0.031 0.047 0.057 0.043 0.03 0.042 0.049 0.015 0.02 0.027 0.231 0.102 0.005 0.019 0.042
10 F 0.039 0.019 0.015 0.015 0.046 0.012 0.018 0.023 0.013 0.081 0.208 0.02 0.031 0.248 0.012 0.025 0.028 0.011 0.053 0.082
11 D 0.046 0.045 0.091 0.188 0.008 0.04 0.14 0.075 0.046 0.021 0.031 0.088 0.011 0.016 0.022 0.051 0.035 0.005 0.016 0.026
12 S 0.1 0.032 0.042 0.064 0.016 0.026 0.043 0.084 0.015 0.049 0.054 0.043 0.017 0.021 0.025 0.16 0.108 0.005 0.016 0.081
13 D 0.045 0.06 0.093 0.238 0.007 0.051 0.126 0.076 0.021 0.021 0.031 0.056 0.011 0.015 0.021 0.051 0.035 0.004 0.013 0.025
14 V 0.061 0.021 0.015 0.016 0.017 0.015 0.021 0.022 0.008 0.145 0.181 0.024 0.033 0.037 0.015 0.029 0.043 0.005 0.02 0.271
15 L 0.041 0.021 0.013 0.015 0.015 0.015 0.019 0.02 0.01 0.145 0.34 0.023 0.042 0.05 0.013 0.023 0.032 0.041 0.023 0.101
16 K 0.058 0.134 0.04 0.041 0.009 0.062 0.081 0.041 0.02 0.025 0.041 0.22 0.015 0.015 0.024 0.078 0.042 0.005 0.016 0.032
17 A 0.292 0.029 0.026 0.028 0.02 0.024 0.037 0.067 0.014 0.045 0.058 0.041 0.017 0.021 0.027 0.079 0.08 0.005 0.016 0.073
18 D 0.042 0.029 0.072 0.292 0.008 0.028 0.086 0.057 0.021 0.032 0.038 0.041 0.012 0.03 0.02 0.046 0.034 0.007 0.059 0.046
19 A 0.133 0.077 0.033 0.031 0.015 0.027 0.037 0.132 0.015 0.042 0.058 0.049 0.028 0.021 0.056 0.099 0.063 0.005 0.016 0.064
20 A 0.337 0.029 0.024 0.028 0.02 0.024 0.038 0.073 0.014 0.04 0.056 0.042 0.016 0.02 0.028 0.079 0.047 0.005 0.016 0.064
21 I 0.045 0.017 0.014 0.017 0.015 0.013 0.017 0.02 0.008 0.308 0.155 0.022 0.034 0.041 0.014 0.024 0.038 0.005 0.019 0.175
22 L 0.048 0.021 0.014 0.015 0.015 0.014 0.02 0.022 0.01 0.115 0.267 0.023 0.037 0.108 0.013 0.026 0.035 0.008 0.031 0.159
23 V 0.058 0.021 0.015 0.016 0.017 0.015 0.021 0.022 0.009 0.138 0.18 0.024 0.033 0.063 0.015 0.029 0.042 0.006 0.024 0.254
24 D 0.044 0.035 0.054 0.296 0.007 0.041 0.188 0.039 0.02 0.021 0.029 0.053 0.01 0.015 0.022 0.05 0.034 0.004 0.012 0.025
25 F 0.037 0.018 0.015 0.016 0.045 0.011 0.018 0.024 0.014 0.071 0.146 0.019 0.027 0.323 0.011 0.025 0.027 0.013 0.066 0.074
26 W 0.029 0.021 0.014 0.014 0.008 0.014 0.021 0.028 0.014 0.034 0.074 0.021 0.016 0.056 0.008 0.021 0.022 0.491 0.061 0.032
27 A 0.337 0.029 0.024 0.028 0.02 0.024 0.038 0.073 0.014 0.04 0.056 0.042 0.016 0.02 0.028 0.079 0.047 0.005 0.016 0.064
28 E 0.052 0.113 0.043 0.123 0.008 0.046 0.182 0.071 0.021 0.022 0.035 0.087 0.012 0.016 0.022 0.063 0.036 0.005 0.015 0.028
29 W 0.036 0.021 0.015 0.015 0.076 0.014 0.021 0.028 0.015 0.039 0.057 0.022 0.016 0.054 0.009 0.025 0.025 0.388 0.074 0.052
30 C 0.061 0.015 0.015 0.015 0.517 0.011 0.015 0.03 0.008 0.042 0.061 0.019 0.015 0.019 0.015 0.038 0.034 0.004 0.011 0.053
31 G 0.096 0.082 0.053 0.036 0.012 0.029 0.058 0.11 0.017 0.042 0.074 0.068 0.017 0.048 0.054 0.078 0.041 0.006 0.02 0.059
32 P 0.056 0.052 0.026 0.031 0.01 0.038 0.04 0.036 0.014 0.024 0.036 0.047 0.011 0.013 0.426 0.057 0.037 0.003 0.013 0.03
33 C 0.061 0.015 0.015 0.015 0.517 0.011 0.015 0.03 0.008 0.042 0.061 0.019 0.015 0.019 0.015 0.038 0.034 0.004 0.011 0.053
34 K 0.052 0.131 0.038 0.044 0.008 0.051 0.101 0.038 0.02 0.025 0.04 0.263 0.014 0.015 0.025 0.049 0.036 0.005 0.016 0.03
35 L 0.049 0.022 0.015 0.016 0.016 0.016 0.021 0.022 0.01 0.131 0.259 0.025 0.062 0.069 0.014 0.027 0.036 0.007 0.025 0.16
36 I 0.046 0.017 0.014 0.017 0.015 0.013 0.017 0.02 0.009 0.279 0.149 0.022 0.033 0.066 0.014 0.024 0.037 0.006 0.024 0.178
37 A 0.303 0.03 0.027 0.029 0.02 0.025 0.039 0.07 0.014 0.04 0.055 0.042 0.016 0.02 0.028 0.093 0.065 0.005 0.016 0.063
38 G 0.075 0.054 0.039 0.036 0.012 0.04 0.04 0.246 0.016 0.023 0.034 0.047 0.012 0.016 0.106 0.114 0.044 0.005 0.013 0.03
39 L 0.051 0.019 0.014 0.016 0.016 0.014 0.019 0.021 0.008 0.208 0.214 0.023 0.036 0.041 0.014 0.026 0.039 0.006 0.02 0.196
40 L 0.046 0.021 0.014 0.015 0.016 0.015 0.019 0.021 0.009 0.144 0.313 0.023 0.041 0.059 0.014 0.024 0.035 0.006 0.022 0.144
41 S 0.085 0.036 0.062 0.084 0.013 0.047 0.088 0.079 0.043 0.046 0.051 0.048 0.016 0.021 0.022 0.108 0.048 0.005 0.018 0.081
42 E 0.048 0.042 0.045 0.178 0.007 0.052 0.274 0.036 0.022 0.021 0.032 0.063 0.011 0.015 0.023 0.051 0.034 0.005 0.014 0.028
43 I 0.045 0.017 0.014 0.016 0.015 0.013 0.017 0.02 0.008 0.294 0.172 0.022 0.035 0.041 0.014 0.024 0.037 0.006 0.019 0.17
44 A 0.337 0.029 0.024 0.028 0.02 0.024 0.038 0.073 0.014 0.04 0.056 0.042 0.016 0.02 0.028 0.079 0.047 0.005 0.016 0.064
45 D 0.073 0.035 0.078 0.173 0.01 0.036 0.134 0.079 0.022 0.024 0.035 0.05 0.012 0.023 0.022 0.081 0.041 0.006 0.037 0.031
46 E 0.048 0.039 0.067 0.186 0.007 0.046 0.224 0.072 0.022 0.021 0.031 0.058 0.011 0.015 0.022 0.051 0.034 0.005 0.014 0.027
47 Y 0.038 0.026 0.02 0.017 0.009 0.02 0.026 0.023 0.044 0.041 0.064 0.029 0.017 0.122 0.015 0.029 0.026 0.026 0.362 0.044
48 Q 0.07 0.078 0.037 0.042 0.009 0.173 0.094 0.039 0.049 0.025 0.042 0.074 0.017 0.015 0.089 0.051 0.037 0.005 0.02 0.033
49 G 0.132 0.076 0.031 0.032 0.03 0.027 0.054 0.161 0.04 0.057 0.056 0.048 0.016 0.021 0.021 0.055 0.054 0.005 0.018 0.068
50 K 0.053 0.1 0.039 0.039 0.008 0.05 0.066 0.04 0.019 0.026 0.04 0.325 0.014 0.014 0.026 0.05 0.037 0.005 0.016 0.031
51 L 0.046 0.021 0.014 0.015 0.015 0.014 0.019 0.022 0.01 0.109 0.266 0.022 0.037 0.134 0.013 0.025 0.033 0.008 0.035 0.141
52 T 0.066 0.034 0.041 0.035 0.016 0.026 0.038 0.04 0.039 0.048 0.059 0.042 0.018 0.023 0.025 0.083 0.278 0.006 0.019 0.063
53 V 0.054 0.021 0.015 0.016 0.033 0.014 0.02 0.023 0.009 0.125 0.196 0.023 0.033 0.09 0.014 0.028 0.039 0.007 0.028 0.212
54 A 0.337 0.029 0.024 0.028 0.02 0.024 0.038 0.073 0.014 0.04 0.056 0.042 0.016 0.02 0.028 0.079 0.047 0.005 0.016 0.064
55 K 0.053 0.1 0.039 0.039 0.008 0.05 0.066 0.04 0.019 0.026 0.04 0.325 0.014 0.014 0.026 0.05 0.037 0.005 0.016 0.031
56 L 0.042 0.021 0.014 0.015 0.014 0.014 0.019 0.021 0.011 0.099 0.284 0.022 0.037 0.162 0.013 0.024 0.031 0.009 0.039 0.109
57 N 0.042 0.063 0.298 0.095 0.008 0.031 0.047 0.09 0.027 0.021 0.03 0.053 0.011 0.016 0.019 0.061 0.043 0.004 0.014 0.025
58 I 0.043 0.017 0.014 0.016 0.015 0.013 0.017 0.02 0.009 0.273 0.188 0.022 0.035 0.068 0.013 0.023 0.036 0.006 0.024 0.148
59 D 0.051 0.029 0.095 0.255 0.009 0.026 0.062 0.146 0.018 0.021 0.028 0.041 0.009 0.015 0.054 0.065 0.037 0.004 0.011 0.025
60 R 0.058 0.13 0.061 0.041 0.01 0.119 0.063 0.041 0.022 0.028 0.044 0.076 0.016 0.016 0.056 0.084 0.077 0.005 0.017 0.037
61 N 0.046 0.04 0.298 0.07 0.009 0.031 0.045 0.091 0.052 0.021 0.03 0.049 0.011 0.018 0.019 0.076 0.046 0.004 0.017 0.026
62 P 0.052 0.06 0.028 0.033 0.009 0.087 0.051 0.035 0.017 0.024 0.037 0.056 0.013 0.013 0.358 0.044 0.035 0.003 0.014 0.03
63 G 0.066 0.08 0.081 0.039 0.01 0.027 0.036 0.328 0.017 0.02 0.031 0.066 0.011 0.016 0.019 0.072 0.036 0.005 0.013 0.026
64 T 0.08 0.035 0.044 0.039 0.017 0.028 0.041 0.048 0.015 0.042 0.054 0.045 0.017 0.021 0.026 0.148 0.223 0.005 0.017 0.057
65 A 0.337 0.029 0.024 0.028 0.02 0.024 0.038 0.073 0.014 0.04 0.056 0.042 0.016 0.02 0.028 0.079 0.047 0.005 0.016 0.064
66 P 0.075 0.057 0.051 0.035 0.01 0.056 0.045 0.074 0.016 0.025 0.037 0.051 0.012 0.014 0.291 0.063 0.038 0.004 0.014 0.032
67 K 0.051 0.142 0.038 0.041 0.008 0.064 0.084 0.038 0.021 0.025 0.041 0.257 0.015 0.015 0.024 0.049 0.036 0.005 0.016 0.03
68 Y 0.038 0.026 0.02 0.017 0.009 0.02 0.026 0.023 0.044 0.041 0.064 0.029 0.017 0.122 0.015 0.029 0.026 0.026 0.362 0.044
69 G 0.065 0.057 0.035 0.065 0.045 0.029 0.079 0.155 0.015 0.042 0.048 0.064 0.014 0.018 0.054 0.076 0.049 0.005 0.014 0.07
70 I 0.043 0.017 0.014 0.016 0.015 0.013 0.017 0.019 0.009 0.282 0.19 0.022 0.036 0.055 0.014 0.023 0.036 0.006 0.022 0.151
71 K 0.063 0.112 0.057 0.035 0.011 0.051 0.05 0.039 0.044 0.045 0.082 0.13 0.031 0.023 0.021 0.063 0.057 0.005 0.02 0.06
72 G 0.071 0.129 0.041 0.035 0.011 0.031 0.041 0.211 0.017 0.024 0.038 0.078 0.013 0.017 0.022 0.108 0.061 0.005 0.014 0.032
73 I 0.043 0.018 0.014 0.016 0.015 0.013 0.017 0.019 0.009 0.262 0.226 0.022 0.038 0.044 0.014 0.023 0.036 0.006 0.02 0.145
74 P 0.054 0.027 0.024 0.03 0.01 0.036 0.038 0.051 0.013 0.024 0.034 0.041 0.01 0.012 0.476 0.042 0.034 0.003 0.012 0.029
75 T 0.071 0.033 0.041 0.036 0.017 0.026 0.038 0.042 0.013 0.048 0.059 0.043 0.018 0.022 0.026 0.099 0.281 0.005 0.017 0.065
76 L 0.044 0.021 0.014 0.015 0.014 0.014 0.019 0.022 0.011 0.104 0.275 0.022 0.037 0.148 0.013 0.025 0.032 0.009 0.037 0.125
77 L 0.047 0.02 0.014 0.015 0.082 0.014 0.019 0.023 0.01 0.114 0.241 0.022 0.034 0.105 0.013 0.027 0.034 0.007 0.03 0.129
78 L 0.045 0.022 0.014 0.015 0.015 0.014 0.019 0.021 0.01 0.111 0.316 0.023 0.04 0.098 0.013 0.024 0.033 0.008 0.029 0.13
79 F 0.037 0.02 0.015 0.015 0.012 0.012 0.018 0.022 0.013 0.082 0.211 0.02 0.032 0.275 0.011 0.024 0.028 0.012 0.058 0.082
80 K 0.053 0.1 0.039 0.039 0.008 0.05 0.066 0.04 0.019 0.026 0.04 0.325 0.014 0.014 0.026 0.05 0.037 0.005 0.016 0.031
81 N 0.059 0.086 0.13 0.075 0.011 0.048 0.051 0.049 0.046 0.028 0.041 0.058 0.014 0.019 0.022 0.104 0.098 0.005 0.018 0.037
82 G 0.068 0.052 0.103 0.042 0.01 0.024 0.033 0.348 0.017 0.02 0.03 0.043 0.01 0.016 0.019 0.081 0.038 0.005 0.012 0.026
83 D 0.045 0.039 0.051 0.246 0.007 0.059 0.206 0.038 0.021 0.021 0.031 0.058 0.011 0.015 0.022 0.05 0.034 0.004 0.013 0.026
84 V 0.057 0.02 0.015 0.016 0.016 0.014 0.021 0.023 0.009 0.148 0.152 0.023 0.031 0.088 0.014 0.029 0.041 0.007 0.028 0.249
85 A 0.175 0.033 0.038 0.035 0.017 0.027 0.041 0.092 0.04 0.036 0.048 0.044 0.016 0.021 0.026 0.134 0.103 0.005 0.018 0.052
86 A 0.337 0.029 0.024 0.028 0.02 0.024 0.038 0.073 0.014 0.04 0.056 0.042 0.016 0.02 0.028 0.079 0.047 0.005 0.016 0.064
87 T 0.068 0.033 0.041 0.035 0.017 0.026 0.037 0.041 0.013 0.05 0.061 0.042 0.018 0.022 0.026 0.087 0.296 0.006 0.017 0.066
88 K 0.053 0.097 0.039 0.042 0.008 0.051 0.085 0.04 0.02 0.025 0.04 0.308 0.014 0.015 0.026 0.05 0.037 0.005 0.016 0.031
89 L 0.051 0.02 0.014 0.016 0.049 0.014 0.019 0.022 0.009 0.159 0.212 0.023 0.034 0.066 0.014 0.027 0.038 0.006 0.023 0.183
90 G 0.086 0.055 0.059 0.044 0.012 0.03 0.078 0.18 0.017 0.025 0.037 0.05 0.012 0.017 0.09 0.098 0.06 0.005 0.014 0.034
91 A 0.199 0.034 0.078 0.04 0.017 0.027 0.042 0.064 0.017 0.036 0.048 0.045 0.015 0.02 0.026 0.13 0.088 0.005 0.016 0.053
92 L 0.047 0.02 0.014 0.015 0.015 0.014 0.019 0.021 0.01 0.14 0.252 0.023 0.037 0.108 0.013 0.025 0.035 0.008 0.031 0.154
93 S 0.089 0.037 0.098 0.045 0.013 0.03 0.045 0.086 0.094 0.028 0.04 0.046 0.014 0.021 0.023 0.138 0.085 0.005 0.023 0.037
94 K 0.053 0.1 0.039 0.039 0.008 0.05 0.066 0.04 0.019 0.026 0.04 0.325 0.014 0.014 0.026 0.05 0.037 0.005 0.016 0.031
95 G 0.068 0.073 0.059 0.035 0.01 0.024 0.032 0.36 0.015 0.02 0.031 0.046 0.01 0.016 0.053 0.07 0.035 0.005 0.012 0.026
96 Q 0.05 0.099 0.058 0.044 0.008 0.158 0.09 0.038 0.024 0.024 0.04 0.076 0.016 0.014 0.122 0.049 0.037 0.005 0.017 0.031
97 L 0.044 0.022 0.014 0.015 0.015 0.015 0.019 0.021 0.01 0.125 0.339 0.023 0.042 0.073 0.013 0.024 0.033 0.007 0.025 0.123
98 K 0.053 0.1 0.039 0.039 0.008 0.05 0.066 0.04 0.019 0.026 0.04 0.325 0.014 0.014 0.026 0.05 0.037 0.005 0.016 0.031
99 D 0.058 0.063 0.067 0.131 0.009 0.067 0.127 0.126 0.021 0.022 0.034 0.059 0.012 0.016 0.022 0.08 0.04 0.005 0.014 0.028
100 F 0.041 0.019 0.015 0.016 0.046 0.012 0.018 0.023 0.013 0.096 0.161 0.02 0.028 0.259 0.012 0.025 0.03 0.011 0.055 0.101
101 L 0.044 0.022 0.014 0.015 0.015 0.015 0.019 0.021 0.01 0.125 0.339 0.023 0.042 0.073 0.013 0.024 0.033 0.007 0.025 0.123
102 D 0.053 0.06 0.046 0.17 0.008 0.053 0.147 0.106 0.019 0.021 0.032 0.057 0.011 0.015 0.056 0.064 0.036 0.004 0.013 0.027
103 L 0.124 0.03 0.071 0.033 0.016 0.023 0.033 0.08 0.015 0.062 0.145 0.037 0.036 0.029 0.021 0.082 0.062 0.005 0.017 0.077
104 N 0.045 0.076 0.264 0.064 0.009 0.047 0.047 0.121 0.026 0.021 0.031 0.056 0.011 0.016 0.019 0.06 0.042 0.005 0.015 0.026