0.074674 0.018640 0.016411 0.015762 0.024688 0.036292 0.028030 0.083571 0.024378 0.099668 0.126599 0.026792 0.042953 0.028648 0.053789 0.096098 0.080037 0.098158 0.005019 0.019794 
0.051921 0.026995 0.002352 0.001944 0.046419 0.006636 0.005785 0.278066 0.002183 0.197651 0.054909 0.004922 0.007113 0.003217 0.006942 0.020039 0.020009 0.233095 0.006854 0.022947 
0.064450 0.007696 0.164984 0.075492 0.007451 0.072845 0.039099 0.016600 0.039594 0.020464 0.006259 0.062442 0.051142 0.044403 0.083261 0.125064 0.081810 0.024736 0.001403 0.010808 
0.068770 0.019770 0.019852 0.023235 0.017954 0.046062 0.036926 0.045150 0.138874 0.057267 0.016874 0.035894 0.045658 0.044962 0.117588 0.106082 0.076056 0.059601 0.005926 0.017498 
0.089813 0.018580 0.024056 0.018724 0.014553 0.057191 0.033594 0.036542 0.026797 0.046263 0.013923 0.047137 0.062694 0.030758 0.069385 0.238585 0.105526 0.049500 0.003123 0.013258 
0.315356 0.009496 0.011916 0.010700 0.011237 0.042350 0.026559 0.031504 0.013464 0.037775 0.012936 0.028787 0.049091 0.020971 0.046604 0.143391 0.122183 0.052877 0.001973 0.010829 
0.051942 0.044435 0.010286 0.008636 0.168653 0.021210 0.032936 0.086578 0.010331 0.133151 0.028940 0.019648 0.026954 0.017073 0.031509 0.068532 0.051011 0.105262 0.009450 0.073463 
0.044231 0.029540 0.000836 0.000944 0.049682 0.001989 0.002400 0.197890 0.000882 0.204283 0.056823 0.001398 0.002357 0.001505 0.002508 0.007649 0.009351 0.358312 0.007780 0.019641 
0.053205 0.005148 0.020072 0.018160 0.007789 0.049496 0.293229 0.006649 0.018115 0.011883 0.002877 0.045059 0.060976 0.057786 0.109145 0.127488 0.078428 0.010624 0.001241 0.022630 
0.087570 0.019444 0.020122 0.019949 0.017599 0.045320 0.034159 0.044190 0.030412 0.056203 0.016629 0.033754 0.163514 0.037615 0.067866 0.137567 0.088959 0.058619 0.004019 0.016489 
0.103371 0.009542 0.020614 0.018233 0.010335 0.053515 0.030449 0.029628 0.023841 0.036693 0.012053 0.042043 0.061233 0.032538 0.064946 0.164178 0.232153 0.040818 0.002214 0.011605 
0.353313 0.008682 0.009987 0.009800 0.012137 0.036922 0.023186 0.037809 0.011883 0.042824 0.017162 0.024353 0.047714 0.019472 0.037516 0.121742 0.109168 0.061119 0.003552 0.011660 
0.042869 0.028977 0.001488 0.001521 0.049861 0.004325 0.006557 0.287249 0.001489 0.202509 0.053972 0.003146 0.005088 0.002202 0.005263 0.017946 0.015545 0.237349 0.008089 0.024555 
0.022981 0.029698 0.000560 0.000669 0.056054 0.001127 0.000998 0.203155 0.000584 0.217311 0.057349 0.000673 0.000972 0.000573 0.000730 0.002837 0.003124 0.376013 0.008411 0.016180 
0.073645 0.012778 0.061915 0.160040 0.012722 0.061190 0.033729 0.029691 0.042919 0.040051 0.011427 0.043572 0.047405 0.049450 0.076641 0.109478 0.074103 0.043240 0.003231 0.012771 
0.079095 0.017315 0.051982 0.126268 0.017619 0.052242 0.034395 0.046035 0.034464 0.056461 0.015453 0.039485 0.047837 0.040189 0.072311 0.111795 0.075675 0.059946 0.004452 0.016980 
0.084127 0.019578 0.027541 0.027130 0.018074 0.148256 0.031856 0.042722 0.032599 0.055214 0.017405 0.040718 0.050372 0.032317 0.074255 0.130901 0.084077 0.060906 0.004346 0.017608 
0.300007 0.013469 0.012693 0.011649 0.012270 0.039802 0.024067 0.040332 0.016896 0.045821 0.016232 0.028824 0.048040 0.021584 0.043874 0.127740 0.117999 0.063282 0.002694 0.012724 
0.089366 0.016656 0.023601 0.021113 0.014190 0.054391 0.034653 0.038158 0.031780 0.044304 0.014449 0.045105 0.062556 0.032592 0.068932 0.235425 0.102652 0.051328 0.003609 0.015139 
0.003293 0.029459 0.000515 0.000614 0.061006 0.000733 0.000228 0.332323 0.000584 0.236696 0.044728 0.000426 0.000505 0.000435 0.000530 0.000745 0.000736 0.273758 0.006966 0.005721 
0.087266 0.020529 0.027020 0.028029 0.017905 0.153210 0.031978 0.046609 0.030397 0.054984 0.016030 0.040245 0.052766 0.033477 0.069632 0.125562 0.081271 0.062224 0.005314 0.015551 
0.194529 0.016685 0.020020 0.018704 0.017256 0.049421 0.029354 0.049563 0.022779 0.056216 0.017015 0.035108 0.057687 0.029024 0.056996 0.142538 0.100778 0.068891 0.003793 0.013643 
0.073352 0.014462 0.035514 0.027561 0.013460 0.054592 0.042199 0.031292 0.036941 0.039130 0.011845 0.152759 0.054565 0.038448 0.077576 0.141320 0.089555 0.045022 0.003311 0.017098 
0.297528 0.012765 0.013299 0.011366 0.013089 0.039899 0.025478 0.039094 0.016751 0.044465 0.015434 0.027368 0.050398 0.022581 0.047292 0.132070 0.116499 0.060153 0.002544 0.011927 
0.062238 0.011645 0.022566 0.022565 0.013594 0.047006 0.200534 0.018859 0.039031 0.027542 0.008198 0.045932 0.058887 0.056144 0.112963 0.119174 0.073327 0.028478 0.002783 0.028534 
0.002976 0.024921 0.000521 0.000614 0.060701 0.000752 0.000233 0.338134 0.000584 0.230403 0.049349 0.000426 0.000505 0.000406 0.000505 0.000699 0.000631 0.278169 0.005784 0.003687 
0.092430 0.002854 0.036404 0.034237 0.004860 0.207249 0.030103 0.012616 0.028358 0.014983 0.005646 0.055676 0.056894 0.041827 0.094942 0.155032 0.095927 0.020132 0.001104 0.008725 
0.069932 0.001422 0.025055 0.024018 0.001631 0.059062 0.039377 0.002648 0.020024 0.003968 0.001589 0.049105 0.252800 0.055145 0.094759 0.187279 0.102917 0.005219 0.000240 0.003812 
0.007626 0.051508 0.000545 0.000649 0.246436 0.001103 0.008659 0.150176 0.000584 0.233623 0.045094 0.000926 0.000893 0.000793 0.000930 0.003112 0.002519 0.189863 0.012725 0.042236 
0.004684 0.484095 0.000515 0.000616 0.071405 0.000751 0.001958 0.084194 0.000584 0.125358 0.028907 0.000436 0.000601 0.000512 0.000563 0.001197 0.001500 0.111075 0.028087 0.052962 
0.025942 0.030254 0.001171 0.001074 0.052440 0.003182 0.005959 0.299940 0.000856 0.206248 0.061173 0.002446 0.002936 0.001675 0.003442 0.010710 0.009791 0.246900 0.008853 0.025009 
0.007386 0.031588 0.000515 0.000614 0.057205 0.000733 0.000376 0.213297 0.000584 0.223341 0.053920 0.000426 0.000593 0.000406 0.000505 0.000923 0.001082 0.390975 0.007549 0.007981 
0.079467 0.008554 0.036404 0.030759 0.007559 0.201068 0.035476 0.018575 0.038733 0.023461 0.007907 0.051405 0.057883 0.039171 0.087122 0.150471 0.084307 0.029224 0.001967 0.010487 
0.087063 0.011482 0.021730 0.021462 0.010258 0.050784 0.038008 0.024448 0.030408 0.033951 0.010415 0.039145 0.200448 0.045821 0.077379 0.153818 0.093238 0.035834 0.002352 0.011956 
0.062306 0.022597 0.021950 0.022099 0.023129 0.044887 0.150744 0.042462 0.037559 0.059095 0.015611 0.039287 0.050118 0.048276 0.089540 0.107860 0.069431 0.055944 0.005391 0.031716 
0.031693 0.028124 0.000987 0.000907 0.053747 0.001296 0.002165 0.199588 0.000788 0.203014 0.056902 0.001367 0.002346 0.001023 0.002089 0.006234 0.008744 0.367141 0.008443 0.023400 
0.076531 0.014948 0.060596 0.149093 0.012818 0.059816 0.035895 0.034138 0.036028 0.042288 0.011915 0.042668 0.049019 0.045170 0.075048 0.111130 0.076746 0.048461 0.003429 0.014265 
0.001436 0.025467 0.000515 0.000614 0.061578 0.000733 0.000228 0.345064 0.000584 0.235501 0.042379 0.000426 0.000520 0.000406 0.000505 0.000683 0.000608 0.274724 0.005454 0.002577 
0.084492 0.016158 0.030397 0.028963 0.016193 0.168479 0.033908 0.038357 0.031327 0.045866 0.012950 0.043230 0.051486 0.036437 0.074882 0.129616 0.083411 0.054965 0.003201 0.015683 
0.067217 0.008132 0.071375 0.182455 0.008204 0.067616 0.036049 0.018742 0.042735 0.025301 0.007508 0.048500 0.051898 0.052999 0.085710 0.113763 0.073401 0.027397 0.001754 0.009243 
0.087108 0.014630 0.029736 0.029822 0.014014 0.167575 0.032999 0.033628 0.034952 0.042962 0.013666 0.044712 0.054651 0.037078 0.076217 0.134199 0.083673 0.049543 0.004397 0.014435 
0.133148 0.001118 0.013575 0.011893 0.001097 0.047887 0.037329 0.002445 0.006064 0.003662 0.001784 0.039180 0.060101 0.026679 0.058734 0.214861 0.331762 0.004729 0.000339 0.003615 
0.080217 0.018697 0.015353 0.015306 0.025762 0.035839 0.023762 0.102339 0.017584 0.098896 0.029682 0.026661 0.039649 0.023824 0.045331 0.099483 0.078480 0.200011 0.005313 0.017812 
0.001371 0.035754 0.000515 0.000614 0.080792 0.000733 0.000228 0.195292 0.000584 0.381155 0.051086 0.000426 0.000505 0.000406 0.000505 0.000683 0.000584 0.238300 0.008650 0.001817 
0.039696 0.002147 0.026138 0.035896 0.003532 0.050186 0.032976 0.005904 0.324958 0.008569 0.002395 0.040224 0.044685 0.059560 0.163357 0.088430 0.056136 0.008994 0.000990 0.005228 
0.084082 0.000812 0.022974 0.016401 0.001456 0.069329 0.038780 0.003441 0.013135 0.004245 0.001432 0.056620 0.085194 0.036227 0.076332 0.331666 0.148696 0.005087 0.000268 0.003825 
0.028111 0.000239 0.003403 0.002018 0.000486 0.021245 0.639352 0.000571 0.000844 0.001067 0.000413 0.016318 0.039484 0.014283 0.026960 0.106144 0.078899 0.000693 0.000404 0.019065 
0.006091 0.025598 0.000537 0.000653 0.058807 0.000782 0.000646 0.207277 0.000584 0.224028 0.064630 0.000469 0.000546 0.000449 0.000595 0.001194 0.000997 0.388055 0.007519 0.010541 
0.050609 0.026183 0.003388 0.002902 0.043193 0.009808 0.011506 0.173812 0.001681 0.179902 0.054969 0.007152 0.009922 0.004220 0.008894 0.033653 0.031049 0.313496 0.007395 0.026267 
0.008707 0.030777 0.000515 0.000618 0.056520 0.000737 0.000284 0.208657 0.000584 0.221411 0.057202 0.000474 0.000583 0.000435 0.000536 0.001124 0.001001 0.393224 0.007355 0.009257 
0.062302 0.000776 0.045450 0.030722 0.001386 0.077720 0.050720 0.001930 0.015716 0.003114 0.001208 0.227554 0.059656 0.044467 0.096516 0.174045 0.099544 0.003594 0.000170 0.003408 
0.089960 0.018578 0.029220 0.028335 0.014600 0.155916 0.032488 0.039585 0.034462 0.048273 0.014019 0.042551 0.048598 0.034941 0.077452 0.130001 0.084906 0.056312 0.004419 0.015384 
0.062131 0.016846 0.022815 0.022658 0.020224 0.044006 0.185166 0.030911 0.033526 0.045905 0.012257 0.041673 0.055075 0.052134 0.096124 0.111197 0.068648 0.042482 0.004464 0.031759 
0.110590 0.000574 0.009855 0.008588 0.000693 0.048089 0.036319 0.001290 0.005952 0.002137 0.001030 0.034095 0.065920 0.026199 0.054514 0.210861 0.379049 0.001883 0.000441 0.001920 
0.054475 0.010597 0.024235 0.029439 0.009610 0.049250 0.038655 0.022585 0.233794 0.029761 0.008796 0.036316 0.045726 0.053452 0.148048 0.096886 0.063833 0.029931 0.002626 0.011986 
0.005500 0.029705 0.000515 0.000614 0.060097 0.000736 0.000431 0.322909 0.000584 0.224857 0.053065 0.000498 0.000563 0.000430 0.000517 0.000949 0.001071 0.275974 0.008619 0.012367 
0.087111 0.009243 0.030830 0.031582 0.009492 0.204098 0.033662 0.023342 0.031227 0.032116 0.009056 0.045450 0.057510 0.037168 0.086323 0.140773 0.083626 0.035172 0.002507 0.009712 
0.060827 0.007704 0.023635 0.023984 0.007260 0.060071 0.050738 0.016700 0.069119 0.023534 0.007288 0.041149 0.052729 0.060797 0.271862 0.114409 0.073434 0.022791 0.001415 0.010552 
0.076691 0.010653 0.153303 0.067871 0.009899 0.065678 0.039052 0.024601 0.032998 0.031861 0.009769 0.058862 0.049393 0.041162 0.073137 0.123284 0.080425 0.035686 0.002192 0.013484 
0.025677 0.000198 0.059332 0.034659 0.000396 0.091000 0.027584 0.000515 0.002327 0.000908 0.000259 0.286696 0.060690 0.048880 0.108721 0.173415 0.077388 0.000725 0.000139 0.000492 
0.073375 0.009823 0.070547 0.174818 0.008769 0.063612 0.038645 0.021707 0.033928 0.028478 0.009561 0.045917 0.051444 0.050214 0.081186 0.116629 0.078498 0.030976 0.001689 0.010182 
0.004011 0.029361 0.000515 0.000614 0.060308 0.000733 0.000228 0.333707 0.000584 0.227133 0.051042 0.000426 0.000505 0.000406 0.000520 0.000800 0.000726 0.274010 0.007486 0.006886 
0.029122 0.086667 0.004031 0.002984 0.110130 0.007643 0.043086 0.082097 0.002660 0.127144 0.027077 0.009487 0.010178 0.007603 0.017670 0.032215 0.024804 0.103758 0.017135 0.254509 
0.039928 0.001026 0.029573 0.034371 0.001671 0.058530 0.054738 0.002106 0.046935 0.003337 0.001290 0.047215 0.092754 0.241683 0.160875 0.115723 0.060170 0.003565 0.000245 0.004265 
0.009853 0.046372 0.001066 0.000824 0.239530 0.001923 0.014868 0.145485 0.000737 0.228723 0.046065 0.002010 0.001298 0.000975 0.001579 0.006126 0.004872 0.178484 0.013370 0.055841 
0.653287 0.007066 0.002611 0.002720 0.004794 0.014874 0.012590 0.012842 0.002415 0.016603 0.010051 0.011594 0.021678 0.006802 0.015159 0.067861 0.102335 0.021896 0.001695 0.011129 
0.109788 0.002206 0.017379 0.014364 0.002152 0.058390 0.037914 0.004494 0.012482 0.006098 0.002479 0.055958 0.074980 0.035242 0.076815 0.330423 0.145864 0.008625 0.000400 0.003948 
0.003018 0.028006 0.000515 0.000614 0.062465 0.000733 0.000228 0.328747 0.000584 0.229925 0.047909 0.000426 0.000505 0.000406 0.000505 0.000697 0.000720 0.282514 0.006055 0.005429 
0.081164 0.007515 0.035722 0.035302 0.007673 0.189080 0.035198 0.018960 0.037997 0.022627 0.008141 0.049345 0.056259 0.041693 0.095403 0.150735 0.087203 0.027089 0.001875 0.011020 
0.036093 0.000287 0.081292 0.347627 0.000728 0.091289 0.016924 0.001385 0.017823 0.001972 0.000674 0.048453 0.057614 0.076061 0.096357 0.078610 0.043510 0.001980 0.000289 0.001032 
0.061159 0.023684 0.004784 0.004128 0.045104 0.013479 0.012498 0.162339 0.003711 0.168137 0.046492 0.008931 0.015358 0.007108 0.013829 0.040126 0.033628 0.303743 0.006929 0.024834 
0.081801 0.000588 0.047544 0.031478 0.001358 0.075165 0.036834 0.003392 0.005111 0.003811 0.001418 0.215596 0.057413 0.042896 0.093796 0.185384 0.107148 0.005352 0.000274 0.003640 
0.044278 0.001189 0.031773 0.042286 0.001551 0.058476 0.054367 0.002568 0.033668 0.003653 0.001363 0.047039 0.085569 0.222554 0.164578 0.124151 0.072168 0.004164 0.000253 0.004352 
0.069963 0.003180 0.190354 0.087378 0.003317 0.078160 0.036379 0.008325 0.024482 0.011419 0.003632 0.071442 0.052745 0.046014 0.079576 0.133148 0.080572 0.012403 0.000748 0.006761 
0.051478 0.034068 0.002791 0.002817 0.061494 0.008049 0.009080 0.151382 0.002651 0.311967 0.054330 0.005252 0.009935 0.004771 0.009073 0.026403 0.024038 0.185870 0.010067 0.034483 
0.061314 0.014518 0.022146 0.026177 0.013224 0.046539 0.039438 0.033709 0.183003 0.045018 0.012891 0.038743 0.046002 0.047430 0.135013 0.102815 0.068874 0.042875 0.004346 0.015925 
0.018840 0.088295 0.002864 0.002046 0.107309 0.006863 0.047389 0.079931 0.000965 0.128440 0.027524 0.006418 0.006128 0.004912 0.012595 0.023060 0.015764 0.097602 0.014626 0.308428 
0.176043 0.020548 0.022617 0.022557 0.019808 0.050277 0.029516 0.051522 0.026933 0.063219 0.019179 0.034203 0.055688 0.030649 0.061042 0.127455 0.090741 0.076286 0.003951 0.017767 
0.085295 0.019758 0.027585 0.026638 0.016093 0.152930 0.033223 0.041271 0.035746 0.048816 0.014253 0.043202 0.051256 0.035349 0.076423 0.132510 0.080873 0.058779 0.004259 0.015740 
0.048042 0.002144 0.095711 0.223152 0.002743 0.072260 0.034641 0.004673 0.054585 0.006768 0.002245 0.055228 0.052988 0.060495 0.092344 0.111067 0.066816 0.007931 0.000518 0.005650 
0.082132 0.018754 0.019788 0.020596 0.019185 0.045643 0.034909 0.047242 0.028471 0.063216 0.017219 0.034605 0.156183 0.039010 0.070735 0.132611 0.085475 0.062931 0.004540 0.016755 
0.149951 0.001336 0.018519 0.012904 0.001436 0.042233 0.034570 0.003487 0.003086 0.005297 0.002268 0.046652 0.061905 0.027258 0.060891 0.216688 0.300880 0.006913 0.000348 0.003378 
0.060989 0.007260 0.024346 0.027409 0.006692 0.056647 0.050553 0.014626 0.082326 0.019637 0.006622 0.043859 0.056957 0.062120 0.248506 0.122411 0.074791 0.021618 0.002229 0.010401 
0.009274 0.030665 0.000538 0.000704 0.052413 0.000951 0.000919 0.203947 0.000584 0.217978 0.061649 0.000529 0.000838 0.000602 0.000555 0.001944 0.001816 0.384906 0.010118 0.019068 
0.069556 0.003868 0.091202 0.197019 0.004361 0.074720 0.036890 0.009960 0.030721 0.012862 0.003897 0.051982 0.054036 0.057102 0.080190 0.118973 0.078010 0.017418 0.000850 0.006383 
0.004853 0.028810 0.000515 0.000614 0.059071 0.000761 0.000326 0.324245 0.000584 0.227577 0.052965 0.000434 0.000584 0.000406 0.000505 0.000803 0.001010 0.277613 0.008794 0.009531 
0.083853 0.017971 0.029026 0.027349 0.014777 0.158875 0.035391 0.038639 0.034094 0.050671 0.014150 0.042365 0.050603 0.035605 0.076839 0.130816 0.082518 0.056996 0.004118 0.015344 
0.077699 0.005258 0.185417 0.069336 0.006741 0.072328 0.038959 0.015621 0.019682 0.020849 0.005815 0.067289 0.049369 0.040633 0.079104 0.128248 0.082308 0.025111 0.001362 0.008872 
0.061346 0.010182 0.022790 0.023966 0.009798 0.056390 0.047369 0.022494 0.074937 0.031534 0.009872 0.042472 0.054218 0.056871 0.243233 0.111271 0.072536 0.031655 0.003761 0.013304 
0.047141 0.000423 0.048191 0.026090 0.000500 0.085309 0.040319 0.001031 0.005614 0.001423 0.000423 0.256081 0.056842 0.044293 0.103651 0.183865 0.094423 0.001698 0.000229 0.002452 
0.049444 0.005767 0.023454 0.027673 0.004572 0.058454 0.058331 0.008602 0.083839 0.011115 0.003874 0.045267 0.059981 0.066719 0.257707 0.129006 0.082465 0.012237 0.001778 0.009716 
0.007953 0.029146 0.000556 0.000650 0.061367 0.000808 0.000464 0.321204 0.000584 0.228257 0.052293 0.000511 0.000611 0.000508 0.000565 0.000929 0.001219 0.274387 0.007369 0.010619 
0.004178 0.000198 0.017990 0.013196 0.000396 0.104277 0.008479 0.000515 0.002028 0.000901 0.000238 0.062260 0.085829 0.117715 0.441969 0.101338 0.037326 0.000653 0.000139 0.000375 
0.022404 0.000227 0.119265 0.337497 0.000618 0.082870 0.015714 0.000762 0.056584 0.001214 0.000380 0.052666 0.046154 0.062129 0.085595 0.074213 0.039811 0.001196 0.000139 0.000562 
0.099757 0.009720 0.023996 0.022269 0.008194 0.062576 0.033788 0.018386 0.027091 0.025758 0.008246 0.050798 0.070929 0.034609 0.074397 0.265380 0.117992 0.030852 0.002060 0.013201 
0.006379 0.030142 0.000515 0.000614 0.056100 0.000744 0.000358 0.206938 0.000584 0.221734 0.059437 0.000426 0.000552 0.000484 0.000505 0.000859 0.001352 0.392951 0.007492 0.011833 
0.125503 0.003731 0.020638 0.016220 0.006948 0.049580 0.032124 0.017343 0.011582 0.020823 0.007960 0.043156 0.060552 0.030214 0.064477 0.189089 0.265356 0.026165 0.001082 0.007457 
0.002749 0.026623 0.000515 0.000614 0.060662 0.000733 0.000317 0.332983 0.000584 0.235773 0.045285 0.000426 0.000505 0.000415 0.000536 0.000683 0.000584 0.279736 0.006193 0.004084 
0.062680 0.006397 0.012804 0.008924 0.008987 0.027473 0.450320 0.008051 0.002823 0.012776 0.003895 0.038086 0.030833 0.028594 0.076571 0.112187 0.071286 0.011157 0.001726 0.024429 
0.020779 0.000198 0.027326 0.020296 0.000397 0.092239 0.020063 0.000605 0.006571 0.001043 0.000305 0.058121 0.084994 0.099073 0.415663 0.101456 0.049296 0.000696 0.000139 0.000740 
0.065353 0.001150 0.046291 0.041598 0.001329 0.262926 0.028770 0.003092 0.019082 0.004145 0.001957 0.058658 0.064819 0.045864 0.115256 0.147980 0.082451 0.005898 0.000314 0.003067 
0.152867 0.002112 0.020283 0.009722 0.004133 0.038102 0.034498 0.010836 0.001802 0.015482 0.005012 0.050862 0.038436 0.021249 0.051972 0.224372 0.294896 0.018503 0.000559 0.004304 
0.077086 0.018263 0.012292 0.009857 0.029576 0.028670 0.023816 0.117531 0.014635 0.112724 0.034957 0.021101 0.033730 0.019162 0.037734 0.087895 0.071563 0.226940 0.004795 0.017673 
0.067524 0.015815 0.023927 0.031867 0.014291 0.048471 0.054003 0.033491 0.049202 0.043655 0.013756 0.036269 0.057925 0.153065 0.108717 0.111738 0.070962 0.044689 0.004186 0.016447 
0.087259 0.013114 0.032696 0.031989 0.012229 0.176942 0.030726 0.029277 0.034046 0.037441 0.010784 0.047859 0.054072 0.037923 0.082623 0.137533 0.084851 0.043294 0.002887 0.012455 
0.087704 0.021715 0.026114 0.026244 0.017714 0.144031 0.033773 0.049827 0.031984 0.058677 0.016635 0.040204 0.047125 0.032738 0.071978 0.123988 0.080772 0.066250 0.004813 0.017714 
0.073331 0.002626 0.040538 0.037060 0.003407 0.237775 0.033758 0.007756 0.030499 0.010641 0.003599 0.055798 0.061097 0.044942 0.101331 0.149268 0.088622 0.012172 0.000518 0.005264 
0.037069 0.034229 0.002713 0.002109 0.062051 0.006103 0.009994 0.157190 0.002092 0.315507 0.058788 0.005670 0.007855 0.004458 0.008386 0.026216 0.022972 0.186781 0.011096 0.038718 
0.115897 0.000198 0.008457 0.005838 0.000462 0.038544 0.037864 0.000644 0.001148 0.001199 0.000415 0.030098 0.059747 0.020484 0.038590 0.247747 0.389897 0.001227 0.000147 0.001399 
0.046357 0.005474 0.026111 0.031249 0.005292 0.051494 0.040677 0.010163 0.247878 0.014311 0.004528 0.043399 0.051657 0.058313 0.165879 0.103313 0.067291 0.016626 0.001593 0.008393 
0.053409 0.029004 0.001124 0.001136 0.049336 0.003780 0.004217 0.189030 0.000876 0.194549 0.053630 0.002623 0.004655 0.001719 0.003504 0.014299 0.013868 0.347001 0.008882 0.023357 
0.085692 0.014195 0.029352 0.031338 0.014234 0.173355 0.033333 0.031263 0.033700 0.042562 0.012398 0.044129 0.052526 0.035634 0.082771 0.135974 0.081591 0.048359 0.003668 0.013925 
0.112122 0.006743 0.025462 0.016081 0.008638 0.056521 0.035774 0.023514 0.008225 0.031839 0.009206 0.054049 0.057989 0.029855 0.069692 0.285087 0.128028 0.030866 0.001198 0.009113 
0.076149 0.012585 0.153294 0.063627 0.011897 0.063010 0.037599 0.029529 0.031219 0.038708 0.011095 0.056623 0.046435 0.039044 0.069874 0.123171 0.076066 0.043211 0.002725 0.014138 
0.015697 0.000198 0.066161 0.031760 0.000396 0.099450 0.021876 0.000531 0.002740 0.000901 0.000238 0.304774 0.063604 0.053231 0.117085 0.154534 0.065702 0.000668 0.000139 0.000317 
0.022954 0.036238 0.000813 0.000837 0.068168 0.001676 0.003091 0.177898 0.000682 0.341330 0.062762 0.001389 0.001861 0.001298 0.001788 0.006235 0.006290 0.215092 0.011823 0.037775 
0.004306 0.035423 0.000515 0.000614 0.082380 0.000733 0.000343 0.184786 0.000584 0.369716 0.059428 0.000426 0.000505 0.000406 0.000505 0.000713 0.000635 0.234024 0.012657 0.011302 
0.016324 0.026429 0.000683 0.000802 0.050425 0.001318 0.001550 0.157353 0.000602 0.220469 0.264807 0.001002 0.001457 0.000735 0.001299 0.004162 0.004766 0.211961 0.009122 0.024733 
0.008518 0.028177 0.000681 0.000687 0.051070 0.001200 0.003968 0.313628 0.000584 0.219123 0.061170 0.001361 0.000964 0.000787 0.000962 0.004302 0.004312 0.260093 0.007919 0.030491 
0.071219 0.000619 0.043591 0.028994 0.001573 0.074582 0.048553 0.002608 0.015690 0.003309 0.001565 0.201475 0.062024 0.045028 0.089298 0.186847 0.109791 0.004459 0.000763 0.008015 
0.558462 0.009046 0.003901 0.004110 0.008351 0.020209 0.013970 0.022043 0.006349 0.027906 0.012376 0.014189 0.025100 0.011475 0.023684 0.080475 0.106040 0.039029 0.002365 0.010919 
0.058373 0.007485 0.019080 0.014921 0.010120 0.038465 0.364314 0.008867 0.007098 0.014981 0.003689 0.044184 0.046660 0.042392 0.078864 0.120254 0.072849 0.012488 0.002014 0.032902 
0.002518 0.028596 0.000528 0.000614 0.057786 0.000733 0.000289 0.340377 0.000584 0.229421 0.050654 0.000431 0.000507 0.000418 0.000505 0.000702 0.000677 0.274175 0.006052 0.004432 
0.264388 0.006169 0.018812 0.014948 0.009635 0.048891 0.027214 0.030798 0.012517 0.034265 0.010739 0.036613 0.056431 0.025119 0.053300 0.162826 0.124637 0.050585 0.002005 0.010107 
0.061606 0.011280 0.018859 0.011845 0.015244 0.030200 0.350689 0.019767 0.004000 0.031854 0.008504 0.046095 0.033127 0.032554 0.069794 0.113405 0.070926 0.025612 0.002750 0.041890 
0.076612 0.001260 0.203168 0.070854 0.002485 0.082111 0.036783 0.005962 0.015854 0.007665 0.003101 0.072542 0.057234 0.041701 0.079209 0.142209 0.086450 0.009684 0.000612 0.004505 
0.004247 0.487165 0.000526 0.000623 0.064212 0.000849 0.001636 0.081709 0.000601 0.124471 0.027211 0.000490 0.000662 0.000471 0.000760 0.001514 0.001578 0.111844 0.030874 0.058556 
0.090399 0.017660 0.019600 0.019609 0.017437 0.045072 0.032490 0.051119 0.025883 0.058827 0.018646 0.038122 0.056109 0.033098 0.060097 0.138306 0.189346 0.069556 0.002862 0.015763 
0.011927 0.026547 0.000515 0.000614 0.056182 0.000840 0.000468 0.206858 0.000584 0.218992 0.059654 0.000482 0.000608 0.000428 0.000589 0.001314 0.001518 0.390008 0.009222 0.012651 
0.085728 0.005830 0.034374 0.030539 0.008356 0.196195 0.034253 0.022461 0.033466 0.026621 0.007868 0.046873 0.058643 0.039682 0.088667 0.145422 0.089272 0.033072 0.001963 0.010716 
0.081254 0.002471 0.044886 0.028679 0.004912 0.066991 0.043851 0.009348 0.023329 0.012876 0.004481 0.195193 0.058370 0.039820 0.087689 0.166102 0.105382 0.015551 0.000856 0.007960 
0.057589 0.010520 0.024564 0.025477 0.010349 0.057556 0.049363 0.020834 0.079104 0.028397 0.008779 0.040926 0.053451 0.056543 0.240920 0.114889 0.076113 0.028417 0.002927 0.013282 
0.002406 0.507190 0.000515 0.000614 0.073367 0.000733 0.000460 0.081498 0.000584 0.120922 0.026283 0.000426 0.000505 0.000406 0.000505 0.000766 0.000741 0.106217 0.031895 0.043968 
0.032975 0.028006 0.000736 0.000664 0.056954 0.001883 0.001991 0.300559 0.000838 0.220271 0.056150 0.001162 0.001832 0.000963 0.001594 0.005203 0.006165 0.251745 0.009772 0.020538 
0.007798 0.035197 0.000515 0.000614 0.075606 0.000737 0.000624 0.183624 0.000584 0.363510 0.064471 0.000447 0.000806 0.000406 0.000543 0.000995 0.001433 0.237508 0.009954 0.014628 
0.290877 0.007054 0.015397 0.013877 0.009820 0.045376 0.028986 0.026769 0.017084 0.033715 0.012507 0.035236 0.053493 0.024999 0.052502 0.154137 0.117801 0.048763 0.001968 0.009637 
0.061276 0.001484 0.049020 0.035457 0.002050 0.076396 0.048247 0.002773 0.022682 0.004836 0.001781 0.209097 0.061152 0.043629 0.092275 0.176418 0.100992 0.005473 0.000331 0.004632 
0.071810 0.007834 0.038302 0.031055 0.008831 0.063811 0.045471 0.017419 0.035445 0.022071 0.007583 0.169689 0.057913 0.043038 0.088143 0.158491 0.094159 0.025960 0.002409 0.010564 
0.330478 0.014310 0.012517 0.011801 0.011358 0.038512 0.023096 0.036512 0.014386 0.044152 0.016366 0.026513 0.045204 0.020990 0.043518 0.123840 0.113927 0.058633 0.002366 0.011520 
0.104497 0.010461 0.020349 0.020427 0.010700 0.050059 0.030792 0.032149 0.023351 0.038768 0.012982 0.042653 0.061570 0.029862 0.066218 0.159885 0.223706 0.047479 0.002709 0.011385 
0.002306 0.037396 0.000515 0.000614 0.083092 0.000733 0.000228 0.186419 0.000584 0.382129 0.055160 0.000426 0.000505 0.000406 0.000505 0.000699 0.000597 0.235599 0.007850 0.004237 
0.278702 0.008316 0.018393 0.015924 0.010841 0.045065 0.025133 0.032902 0.012290 0.038582 0.013085 0.036820 0.056868 0.024346 0.049530 0.150238 0.121401 0.049996 0.001580 0.009985 
0.084794 0.002471 0.036646 0.036764 0.003708 0.214587 0.033025 0.009571 0.028357 0.012250 0.005127 0.054016 0.058641 0.040728 0.099544 0.160583 0.095003 0.016799 0.000988 0.006398 
0.056808 0.008179 0.015066 0.013409 0.015888 0.039668 0.324564 0.017085 0.015263 0.027555 0.007036 0.039746 0.046530 0.039342 0.085133 0.111332 0.066354 0.023719 0.001975 0.045347 
0.012737 0.027900 0.000515 0.000647 0.057653 0.000803 0.000907 0.202219 0.000584 0.220293 0.059366 0.000433 0.000872 0.000417 0.000561 0.001552 0.002117 0.387462 0.007751 0.015211 
0.089913 0.013796 0.024482 0.023709 0.011764 0.057703 0.034197 0.027877 0.031713 0.034775 0.010574 0.047172 0.065562 0.035528 0.073601 0.250902 0.107362 0.041882 0.002991 0.014495 
0.003161 0.025777 0.000515 0.000614 0.061188 0.000733 0.000228 0.205246 0.000584 0.227288 0.057083 0.000426 0.000512 0.000406 0.000505 0.000702 0.000730 0.402647 0.007900 0.003753 
0.075294 0.010420 0.164171 0.070434 0.010294 0.065109 0.038607 0.024480 0.030834 0.029628 0.008821 0.062183 0.048119 0.040288 0.072377 0.122025 0.076035 0.036749 0.002225 0.011909 
0.065911 0.004377 0.175412 0.075762 0.007179 0.070570 0.037618 0.014903 0.039789 0.022455 0.007576 0.067986 0.051016 0.044254 0.079473 0.123089 0.076159 0.025107 0.001252 0.010114 
0.038283 0.050011 0.005557 0.004216 0.195800 0.011243 0.028368 0.106777 0.003500 0.170749 0.038865 0.009804 0.013225 0.008867 0.016929 0.038359 0.028230 0.130858 0.012033 0.088329 
0.350190 0.009049 0.010178 0.010331 0.012129 0.036610 0.021815 0.038486 0.012322 0.044402 0.015754 0.023520 0.044869 0.017392 0.036495 0.122546 0.115879 0.063311 0.002550 0.012172 
0.054771 0.027584 0.002945 0.003112 0.044372 0.008449 0.009455 0.268861 0.003908 0.181168 0.048512 0.007150 0.010545 0.005321 0.010586 0.030899 0.030081 0.219953 0.007204 0.025125 
0.008343 0.028688 0.000515 0.000614 0.057826 0.000802 0.000404 0.327422 0.000584 0.230502 0.050360 0.000521 0.000587 0.000406 0.000589 0.000970 0.001225 0.269308 0.007647 0.012687 
0.085215 0.009833 0.033953 0.035610 0.008757 0.192254 0.033525 0.022561 0.035621 0.027819 0.009641 0.043976 0.057761 0.039491 0.088898 0.145828 0.084288 0.032348 0.001890 0.010729 
0.086865 0.016449 0.029295 0.028391 0.014247 0.164512 0.036170 0.034385 0.033624 0.045195 0.012374 0.042471 0.051846 0.037264 0.077659 0.136555 0.083669 0.048736 0.004036 0.016256 
0.015291 0.013299 0.000634 0.000746 0.049589 0.001292 0.002647 0.159798 0.000620 0.218002 0.286547 0.001219 0.000973 0.000755 0.001123 0.004947 0.005435 0.212138 0.010087 0.014858 
0.108081 0.000353 0.009470 0.007573 0.000571 0.045694 0.037066 0.000801 0.002677 0.001395 0.000447 0.032586 0.061672 0.023426 0.050689 0.223319 0.391570 0.001006 0.000139 0.001465 
0.249982 0.009348 0.018638 0.013631 0.012189 0.049781 0.025915 0.037613 0.015960 0.045184 0.015153 0.034238 0.056964 0.025308 0.050878 0.148511 0.112962 0.062648 0.002009 0.013089 
0.021306 0.029499 0.000531 0.000627 0.056075 0.000924 0.000750 0.208214 0.000663 0.212301 0.061339 0.000451 0.000963 0.000574 0.000751 0.001570 0.002265 0.382637 0.005994 0.012567 
0.050040 0.001177 0.015378 0.010611 0.001991 0.038469 0.442023 0.001694 0.003182 0.002744 0.000871 0.041935 0.054078 0.037409 0.072150 0.131416 0.079791 0.002189 0.000386 0.012463 
0.054833 0.003105 0.030105 0.039076 0.003664 0.055696 0.061489 0.007318 0.051221 0.009695 0.003947 0.044241 0.076293 0.197008 0.148476 0.119939 0.072807 0.012067 0.000729 0.008293 
0.061185 0.033350 0.014088 0.013812 0.147985 0.030392 0.035216 0.070047 0.018560 0.108606 0.023998 0.025340 0.037436 0.023879 0.046122 0.095102 0.064080 0.083636 0.008378 0.058788 
0.015444 0.423794 0.001061 0.001301 0.071857 0.002634 0.013924 0.078136 0.000818 0.116637 0.025776 0.002369 0.003053 0.002188 0.004270 0.011072 0.009043 0.100670 0.028477 0.087477 
0.041972 0.024638 0.002658 0.002577 0.048719 0.007860 0.010142 0.274183 0.001705 0.188555 0.055451 0.005908 0.007800 0.004505 0.009961 0.030024 0.026989 0.222320 0.009037 0.024995 
0.006643 0.029528 0.000515 0.000614 0.060561 0.000733 0.000228 0.328711 0.000584 0.232864 0.048732 0.000428 0.000505 0.000447 0.000505 0.000738 0.001031 0.270252 0.007240 0.009142 
0.069933 0.002708 0.035260 0.035404 0.002635 0.225363 0.038297 0.006201 0.035409 0.007723 0.003137 0.055913 0.067119 0.041997 0.101956 0.162042 0.093303 0.009594 0.000417 0.005589 
0.172533 0.019649 0.021383 0.021175 0.020504 0.049233 0.030268 0.055244 0.028561 0.062652 0.018142 0.036741 0.052732 0.029373 0.061984 0.127661 0.093057 0.077774 0.004265 0.017070 
0.046557 0.004388 0.017350 0.015424 0.004521 0.044996 0.341014 0.003480 0.018589 0.006597 0.001784 0.037833 0.066520 0.049787 0.096462 0.128571 0.078294 0.005055 0.001295 0.031482 
0.006164 0.029785 0.000515 0.000614 0.056179 0.000800 0.000480 0.208336 0.000584 0.219500 0.060105 0.000440 0.000571 0.000435 0.000534 0.000867 0.001168 0.394171 0.009672 0.009081 
0.059592 0.024346 0.003971 0.005094 0.042384 0.012584 0.011829 0.141396 0.004040 0.179891 0.191654 0.007941 0.014829 0.006556 0.014581 0.039797 0.041141 0.165191 0.009047 0.024135 
0.014673 0.034241 0.000536 0.000649 0.056341 0.000860 0.000975 0.201289 0.000584 0.213796 0.058526 0.000633 0.000890 0.000612 0.000910 0.002361 0.002713 0.385057 0.008197 0.016156 
0.087312 0.017979 0.029482 0.028495 0.016195 0.160186 0.034336 0.041695 0.032790 0.049843 0.013355 0.041877 0.051056 0.033319 0.075709 0.128504 0.082684 0.056006 0.003982 0.015197 
0.085053 0.009988 0.033177 0.032547 0.011372 0.186378 0.032490 0.028617 0.034788 0.035655 0.010777 0.045312 0.051881 0.037036 0.084782 0.140351 0.084995 0.040282 0.002838 0.011681 
0.050268 0.324833 0.006086 0.004920 0.057751 0.015885 0.024524 0.061290 0.007537 0.100541 0.021988 0.012937 0.018411 0.011307 0.023575 0.054400 0.038463 0.078809 0.021970 0.064506 
0.116340 0.000706 0.023148 0.017051 0.001426 0.056073 0.041391 0.002617 0.003955 0.004042 0.001448 0.058752 0.073893 0.032962 0.068043 0.338036 0.152986 0.004039 0.000370 0.002723 
0.085499 0.017748 0.032089 0.029711 0.014677 0.161029 0.031637 0.039774 0.033419 0.048011 0.014792 0.043009 0.048881 0.032242 0.075531 0.130343 0.082922 0.058251 0.004409 0.016027 
0.013107 0.032722 0.000651 0.000620 0.054725 0.000905 0.001208 0.203559 0.000614 0.213436 0.060550 0.000746 0.000798 0.000487 0.000833 0.002473 0.002580 0.384421 0.008402 0.017162 
0.235888 0.005877 0.020555 0.017977 0.010527 0.053933 0.029052 0.032106 0.013879 0.037429 0.012684 0.036892 0.062910 0.026398 0.053274 0.161652 0.121987 0.055119 0.001994 0.009866 
0.032830 0.000660 0.032442 0.042537 0.001015 0.062647 0.050664 0.001328 0.036960 0.001780 0.000712 0.048583 0.082731 0.225509 0.172043 0.127801 0.073657 0.002574 0.000236 0.003294 
0.008379 0.000265 0.294697 0.154107 0.000409 0.091272 0.012016 0.000515 0.015870 0.000902 0.000254 0.105371 0.046778 0.050551 0.091243 0.087567 0.038599 0.000685 0.000139 0.000382 
0.003243 0.033538 0.000515 0.000614 0.062004 0.000751 0.000228 0.207360 0.000584 0.226262 0.051341 0.000426 0.000505 0.000406 0.000505 0.000705 0.000604 0.399261 0.007431 0.003719 
0.015584 0.000220 0.009997 0.009004 0.000421 0.065580 0.050932 0.000568 0.011134 0.000958 0.000248 0.039901 0.265670 0.051095 0.100131 0.243472 0.133528 0.000737 0.000139 0.000683 
0.049407 0.000900 0.018162 0.018871 0.000935 0.064624 0.049807 0.001437 0.020493 0.002090 0.000719 0.046679 0.249970 0.056569 0.100041 0.198966 0.114928 0.002185 0.000240 0.002978 
0.030017 0.022747 0.000515 0.000614 0.013572 0.000841 0.000995 0.010192 0.000584 0.017936 0.008185 0.000435 0.000573 0.000473 0.000635 0.001156 0.002002 0.015542 0.009419 0.863566 
0.010725 0.030547 0.000572 0.000614 0.057350 0.000895 0.000565 0.207393 0.000593 0.214668 0.059796 0.000533 0.000630 0.000406 0.000550 0.001403 0.001645 0.390426 0.009007 0.011682 
0.056760 0.025577 0.003845 0.003780 0.043462 0.011476 0.011118 0.265246 0.004471 0.173035 0.047681 0.008537 0.014060 0.006434 0.013071 0.037564 0.034690 0.209037 0.006491 0.023666 
0.566683 0.005348 0.005365 0.004558 0.005620 0.020364 0.016768 0.015506 0.004146 0.020268 0.008775 0.016514 0.026238 0.010539 0.023040 0.095071 0.121145 0.024728 0.000882 0.008441 
0.056748 0.004167 0.028505 0.037804 0.004560 0.055461 0.057524 0.008799 0.053809 0.011839 0.003700 0.045956 0.076788 0.195179 0.142615 0.118585 0.075390 0.011543 0.001232 0.009795 
0.085441 0.015902 0.032470 0.032350 0.012714 0.165345 0.034518 0.033006 0.034809 0.045433 0.012371 0.046421 0.053204 0.034038 0.080796 0.134993 0.078952 0.049134 0.003914 0.014189 
0.074951 0.007512 0.037441 0.028610 0.009471 0.062464 0.047007 0.020979 0.036791 0.025196 0.008847 0.168680 0.056872 0.037723 0.086383 0.150132 0.096237 0.029311 0.001968 0.013426 
0.065224 0.022321 0.022892 0.023399 0.021824 0.040946 0.143555 0.039057 0.039492 0.057949 0.015424 0.042470 0.050481 0.050405 0.096769 0.109461 0.070236 0.051061 0.005816 0.031220 
0.301635 0.009148 0.015006 0.012447 0.010237 0.042194 0.027240 0.029978 0.014541 0.035539 0.013364 0.032177 0.052261 0.023929 0.048135 0.149121 0.124110 0.046342 0.002054 0.010543 
0.100794 0.012477 0.018609 0.019545 0.009684 0.051748 0.032397 0.028776 0.027729 0.032029 0.011884 0.042799 0.063976 0.031607 0.067688 0.162731 0.228771 0.041209 0.002995 0.012549 
0.076727 0.001323 0.020568 0.018783 0.001406 0.061357 0.047593 0.002628 0.019120 0.004084 0.001201 0.043204 0.229588 0.051866 0.087585 0.200192 0.122365 0.004903 0.000335 0.005173 
0.049326 0.051562 0.006596 0.005852 0.182525 0.014749 0.026613 0.100251 0.007663 0.161286 0.033599 0.012575 0.018147 0.011488 0.022552 0.049197 0.037899 0.121685 0.012696 0.073739 
0.086535 0.022401 0.029034 0.027734 0.017351 0.150460 0.033647 0.039925 0.034469 0.051519 0.015112 0.040784 0.049796 0.035678 0.074775 0.130428 0.081093 0.058141 0.004448 0.016669 
0.004927 0.031971 0.000515 0.000614 0.057784 0.000733 0.000367 0.207468 0.000584 0.219771 0.061450 0.000426 0.000534 0.000462 0.000546 0.000949 0.000951 0.396141 0.008922 0.004885 
0.061295 0.002848 0.044345 0.032927 0.003368 0.074095 0.046211 0.005717 0.039263 0.008608 0.002768 0.197527 0.061272 0.044332 0.095130 0.167311 0.094658 0.010978 0.000930 0.006418 
0.055347 0.024326 0.002834 0.002800 0.048748 0.007280 0.007369 0.280941 0.002565 0.187177 0.050485 0.005160 0.008921 0.004491 0.007907 0.026345 0.024739 0.220754 0.008961 0.022850 
0.075435 0.010809 0.067095 0.165348 0.009870 0.062873 0.036114 0.030539 0.034232 0.036161 0.011032 0.045068 0.049321 0.049379 0.075171 0.112539 0.072227 0.041621 0.002339 0.012826 
0.089447 0.015393 0.030036 0.028607 0.012869 0.173372 0.031254 0.033896 0.028724 0.041860 0.012157 0.045165 0.052527 0.034533 0.081280 0.138838 0.086261 0.048407 0.002611 0.012764 
0.002336 0.038289 0.000515 0.000614 0.082650 0.000733 0.000352 0.189555 0.000584 0.368894 0.060555 0.000426 0.000505 0.000406 0.000505 0.000705 0.000625 0.232361 0.013170 0.006220 
0.056964 0.010352 0.024986 0.030105 0.008486 0.050517 0.044537 0.019660 0.195625 0.025425 0.008992 0.045221 0.050323 0.056019 0.148605 0.107875 0.072953 0.027967 0.003132 0.012254 
0.064984 0.019392 0.022116 0.022619 0.015449 0.048992 0.045839 0.035731 0.069847 0.048141 0.013695 0.036268 0.048540 0.051574 0.204090 0.110020 0.072063 0.046844 0.005109 0.018686 
0.020201 0.000243 0.028153 0.029530 0.000650 0.079042 0.035791 0.000738 0.030802 0.001258 0.000343 0.055619 0.071892 0.091095 0.357855 0.130138 0.064185 0.000862 0.000139 0.001464 
0.085015 0.021973 0.025249 0.025274 0.018966 0.142090 0.033843 0.047292 0.032679 0.056620 0.016162 0.040236 0.048435 0.033848 0.073014 0.127119 0.083517 0.066853 0.004624 0.017190 
0.004901 0.060857 0.000515 0.000614 0.245847 0.000807 0.001387 0.149259 0.000584 0.233194 0.049005 0.000453 0.000524 0.000417 0.000540 0.001311 0.001145 0.182978 0.015688 0.049976 
0.089000 0.020036 0.021740 0.020099 0.017211 0.053645 0.032295 0.040801 0.029361 0.049605 0.015052 0.044303 0.058331 0.033312 0.069343 0.228685 0.100196 0.056263 0.004225 0.016499 
0.062897 0.017189 0.023127 0.024916 0.015027 0.050764 0.048328 0.031114 0.063354 0.041966 0.013134 0.040802 0.052501 0.053624 0.204856 0.115386 0.075742 0.041992 0.006405 0.016876 
0.063082 0.006485 0.079724 0.185226 0.005072 0.066505 0.036779 0.013087 0.050478 0.017459 0.005077 0.050016 0.050169 0.056538 0.091986 0.116071 0.074984 0.021001 0.001352 0.008910 
0.407752 0.006480 0.009468 0.008121 0.007322 0.034677 0.027282 0.019728 0.006190 0.022492 0.009160 0.024065 0.042333 0.017750 0.036278 0.143396 0.135316 0.033174 0.001611 0.007406 
0.022267 0.029479 0.000722 0.000821 0.056850 0.001451 0.002264 0.300810 0.000774 0.217590 0.056570 0.001160 0.001339 0.001020 0.001527 0.004077 0.004795 0.261122 0.008306 0.027057 
0.094876 0.014402 0.021125 0.020121 0.015250 0.045337 0.029801 0.049442 0.025745 0.056062 0.018246 0.040260 0.053339 0.029690 0.061157 0.143086 0.196257 0.066652 0.003179 0.015972 
0.336113 0.008974 0.011924 0.011458 0.010442 0.040702 0.025876 0.029383 0.011987 0.036176 0.012212 0.029158 0.050440 0.021976 0.042898 0.136481 0.118330 0.051729 0.002220 0.011521 
0.001095 0.027105 0.000515 0.000614 0.059032 0.000733 0.000228 0.350000 0.000584 0.232349 0.045316 0.000426 0.000505 0.000406 0.000505 0.000683 0.000584 0.270043 0.006423 0.002854 
0.031365 0.000486 0.027385 0.033289 0.001101 0.069419 0.050006 0.001236 0.073130 0.002338 0.000689 0.049448 0.063078 0.076653 0.314947 0.128185 0.071690 0.002390 0.000186 0.002978 
0.075225 0.012822 0.037643 0.031517 0.011088 0.062428 0.048234 0.021731 0.032582 0.028654 0.010063 0.157966 0.053935 0.041095 0.082503 0.148695 0.093689 0.031762 0.002930 0.015440 
0.761926 0.005988 0.001718 0.001577 0.003758 0.008984 0.008657 0.008762 0.001536 0.010733 0.008919 0.004894 0.013038 0.004915 0.010245 0.040458 0.074918 0.016087 0.000992 0.011895 
0.023049 0.049679 0.000515 0.000614 0.052150 0.001032 0.007068 0.036441 0.000584 0.065114 0.016751 0.000900 0.001337 0.000493 0.000707 0.003341 0.003628 0.048347 0.012850 0.675400 
0.046404 0.008376 0.018949 0.025498 0.007531 0.043455 0.036213 0.015280 0.312001 0.020618 0.006790 0.032433 0.040968 0.051345 0.164499 0.079799 0.055105 0.024284 0.002091 0.008358 
