0.073454 0.017885 0.015706 0.015972 0.024189 0.036759 0.025982 0.081193 0.025948 0.096735 0.122872 0.027775 0.044319 0.029872 0.058993 0.102930 0.081256 0.094195 0.005278 0.018686 
0.069120 0.020338 0.007235 0.006207 0.037896 0.018338 0.016201 0.233742 0.009579 0.151344 0.040717 0.014032 0.021420 0.011403 0.023281 0.058866 0.050914 0.181865 0.006456 0.021048 
0.074232 0.013479 0.144905 0.062813 0.012392 0.064049 0.039161 0.030189 0.038111 0.038224 0.010580 0.054921 0.047789 0.040314 0.073544 0.117598 0.077297 0.042163 0.003382 0.014857 
0.068659 0.020154 0.022397 0.024781 0.017685 0.046384 0.039171 0.045053 0.138146 0.056590 0.017104 0.039393 0.044891 0.042390 0.117280 0.104739 0.074579 0.056416 0.005977 0.018210 
0.090124 0.021798 0.023271 0.020168 0.018280 0.051624 0.034214 0.043152 0.028651 0.054567 0.014087 0.044299 0.057202 0.032020 0.066649 0.225412 0.095867 0.057930 0.004290 0.016396 
0.222915 0.016655 0.017039 0.017227 0.015961 0.046411 0.027755 0.046845 0.020745 0.053527 0.017175 0.032213 0.055163 0.026399 0.053685 0.135557 0.104931 0.070921 0.004739 0.014138 
0.061191 0.032079 0.014542 0.013659 0.149845 0.029905 0.035614 0.072388 0.018411 0.111035 0.024031 0.025343 0.036738 0.024283 0.047149 0.088040 0.061510 0.084736 0.008998 0.060504 
0.068656 0.024157 0.004182 0.003670 0.044212 0.011408 0.010534 0.165559 0.004846 0.168474 0.048469 0.008085 0.014564 0.006517 0.012844 0.037297 0.036340 0.303048 0.007044 0.020094 
0.060263 0.013941 0.023458 0.023223 0.015475 0.047729 0.196813 0.020966 0.037632 0.029441 0.007860 0.046076 0.058469 0.056683 0.110000 0.119795 0.074168 0.028067 0.002144 0.027798 
0.087885 0.018730 0.019975 0.018852 0.018334 0.042898 0.037526 0.045742 0.030636 0.061766 0.016042 0.034964 0.151700 0.037036 0.070455 0.134610 0.087584 0.063761 0.004280 0.017223 
0.096710 0.015542 0.020709 0.020608 0.016094 0.048675 0.030355 0.044973 0.026672 0.054446 0.017350 0.037788 0.058055 0.028860 0.064434 0.143541 0.196107 0.060568 0.003953 0.014561 
0.231965 0.015317 0.017033 0.015119 0.016104 0.048464 0.026817 0.046375 0.020965 0.057226 0.017530 0.031887 0.054316 0.024255 0.050832 0.132497 0.099966 0.074305 0.003602 0.015423 
0.063948 0.020228 0.006436 0.005924 0.039244 0.016082 0.014320 0.246045 0.008518 0.157962 0.043446 0.013115 0.019702 0.010569 0.022933 0.054603 0.046588 0.183468 0.005922 0.020948 
0.064030 0.026757 0.002201 0.002064 0.046321 0.006508 0.007281 0.177887 0.002183 0.184995 0.051380 0.004865 0.008055 0.003564 0.006843 0.023909 0.023205 0.328415 0.006857 0.022680 
0.075727 0.015740 0.054231 0.140706 0.015653 0.055229 0.037017 0.037888 0.038508 0.049773 0.015059 0.040489 0.047049 0.044903 0.077221 0.109422 0.074970 0.050869 0.003875 0.015669 
0.078068 0.018272 0.050146 0.124989 0.017003 0.053895 0.033974 0.044988 0.039133 0.053212 0.016526 0.040418 0.048690 0.043086 0.073700 0.109002 0.073009 0.060022 0.004417 0.017448 
0.090104 0.021833 0.026452 0.026263 0.017745 0.142758 0.031510 0.044382 0.032561 0.055594 0.016099 0.040265 0.050184 0.033244 0.073025 0.128778 0.081596 0.065190 0.004877 0.017539 
0.221836 0.014880 0.017590 0.016012 0.015438 0.048217 0.027636 0.047896 0.022994 0.056805 0.017663 0.032446 0.052922 0.025100 0.054848 0.134767 0.099592 0.074044 0.004129 0.015186 
0.086417 0.021854 0.020938 0.019285 0.019278 0.050596 0.033708 0.046597 0.029938 0.059442 0.015202 0.042201 0.057243 0.030623 0.065405 0.219797 0.095990 0.062562 0.004403 0.018521 
0.026503 0.028316 0.000735 0.000742 0.054922 0.001961 0.002336 0.307465 0.000729 0.215564 0.055268 0.001090 0.001736 0.000956 0.001748 0.004930 0.007041 0.258761 0.008079 0.021118 
0.084959 0.022316 0.028043 0.024869 0.017560 0.142855 0.032310 0.046959 0.033313 0.056639 0.015999 0.041782 0.049684 0.033911 0.074386 0.125615 0.081132 0.064831 0.005770 0.017064 
0.181275 0.019786 0.021372 0.020736 0.018918 0.050062 0.030289 0.053842 0.025711 0.062062 0.019041 0.034370 0.054695 0.026837 0.060728 0.128920 0.095098 0.076768 0.003832 0.015656 
0.074201 0.019210 0.031275 0.026663 0.017507 0.055049 0.041003 0.040128 0.037468 0.047739 0.015567 0.141216 0.048872 0.037547 0.074234 0.132171 0.086742 0.052412 0.003795 0.017203 
0.211300 0.017460 0.016312 0.016861 0.015432 0.046893 0.029105 0.049752 0.023003 0.056727 0.018221 0.031902 0.054276 0.027267 0.056305 0.133738 0.103793 0.075021 0.003485 0.013148 
0.062539 0.019626 0.023387 0.023425 0.019774 0.043995 0.164767 0.032453 0.039135 0.048780 0.013352 0.041835 0.050908 0.052832 0.102534 0.106619 0.070565 0.043837 0.005172 0.034464 
0.027004 0.031594 0.000541 0.000751 0.057596 0.001220 0.001702 0.306876 0.000623 0.213150 0.055370 0.000814 0.001696 0.000968 0.001282 0.003961 0.003910 0.263908 0.007948 0.019088 
0.086183 0.009709 0.030581 0.029693 0.011373 0.173704 0.032225 0.027519 0.034962 0.036540 0.011195 0.046096 0.056200 0.038254 0.086609 0.143622 0.087983 0.040702 0.002944 0.013907 
0.081585 0.006346 0.021568 0.023140 0.007031 0.056137 0.042358 0.016666 0.031116 0.020095 0.006076 0.041546 0.208284 0.048948 0.085829 0.165630 0.102462 0.023952 0.001426 0.009803 
0.031658 0.053873 0.003045 0.002269 0.208093 0.006223 0.023148 0.124589 0.002726 0.198187 0.043245 0.005804 0.007064 0.004497 0.009317 0.021981 0.019364 0.153918 0.013798 0.067201 
0.027486 0.421107 0.001083 0.001292 0.064654 0.002880 0.010532 0.081879 0.001011 0.119257 0.026092 0.002855 0.003906 0.002113 0.004537 0.012079 0.010836 0.105443 0.026949 0.074011 
0.056456 0.026369 0.005317 0.004307 0.041610 0.012766 0.013207 0.253356 0.004787 0.173782 0.046212 0.009675 0.014642 0.008119 0.014171 0.042426 0.039118 0.203529 0.006351 0.023798 
0.049099 0.029591 0.001114 0.001036 0.052680 0.003131 0.003387 0.189490 0.001213 0.199720 0.055665 0.002080 0.003252 0.001510 0.003503 0.010762 0.012538 0.349155 0.008489 0.022585 
0.082087 0.017814 0.032476 0.030215 0.014563 0.168873 0.034113 0.034441 0.036072 0.041416 0.013317 0.045686 0.053588 0.034069 0.081224 0.133694 0.079367 0.049369 0.003439 0.014176 
0.087369 0.017213 0.020367 0.021535 0.015566 0.048420 0.035269 0.040008 0.030100 0.052152 0.014685 0.036463 0.170815 0.040529 0.071747 0.138988 0.086578 0.053268 0.003722 0.015204 
0.066347 0.021550 0.021843 0.022787 0.022421 0.042296 0.140479 0.043915 0.037227 0.061253 0.015729 0.042176 0.052118 0.045949 0.091918 0.106809 0.069684 0.060224 0.005427 0.029848 
0.067790 0.027458 0.003361 0.003374 0.043602 0.010439 0.009921 0.163304 0.003993 0.173552 0.048144 0.007898 0.013132 0.006281 0.010667 0.035279 0.034437 0.305818 0.007037 0.024513 
0.076578 0.017006 0.055869 0.137845 0.015623 0.055053 0.033774 0.039562 0.034913 0.051600 0.015256 0.041195 0.048247 0.045088 0.075107 0.108269 0.073177 0.055973 0.003455 0.016410 
0.016377 0.030927 0.000534 0.000614 0.058606 0.000912 0.001247 0.314660 0.000630 0.220155 0.057021 0.000564 0.000791 0.000488 0.001013 0.002061 0.002937 0.265274 0.007822 0.017365 
0.085359 0.020220 0.027481 0.026685 0.016792 0.152847 0.031765 0.041407 0.032823 0.053869 0.016338 0.043726 0.049832 0.034410 0.077544 0.125692 0.081913 0.060399 0.004523 0.016375 
0.074293 0.014467 0.059480 0.154993 0.012360 0.058198 0.036634 0.030085 0.042104 0.039513 0.011471 0.043602 0.047893 0.048296 0.080035 0.112623 0.074357 0.043339 0.003383 0.012877 
0.085381 0.019186 0.028753 0.028592 0.016376 0.150921 0.034185 0.040921 0.033595 0.052829 0.015937 0.041207 0.049755 0.034934 0.075407 0.129554 0.082583 0.057795 0.005079 0.017011 
0.115122 0.004650 0.019302 0.017393 0.006449 0.052962 0.032187 0.016475 0.020817 0.020526 0.007978 0.042261 0.065062 0.030972 0.065569 0.181943 0.266080 0.024271 0.001550 0.008428 
0.082225 0.016931 0.016619 0.016917 0.023954 0.039087 0.027531 0.093512 0.022468 0.090390 0.027442 0.029019 0.044328 0.026182 0.052017 0.100413 0.078174 0.191455 0.003606 0.017729 
0.015769 0.037927 0.000530 0.000632 0.072962 0.000905 0.001102 0.185796 0.000591 0.354921 0.063189 0.000497 0.000763 0.000673 0.000624 0.001875 0.002338 0.227643 0.011150 0.020113 
0.053553 0.010532 0.025998 0.032915 0.008376 0.049915 0.038750 0.018445 0.214236 0.025683 0.008879 0.040366 0.048726 0.056273 0.154330 0.104178 0.067779 0.026848 0.002617 0.011601 
0.093547 0.005208 0.024986 0.022099 0.005494 0.064587 0.036179 0.013467 0.025490 0.018325 0.006918 0.052348 0.074543 0.038442 0.076250 0.281444 0.126254 0.022800 0.001686 0.009935 
0.052002 0.003010 0.015786 0.012415 0.007266 0.041726 0.343283 0.004291 0.018913 0.008700 0.002113 0.041604 0.057598 0.047090 0.087306 0.122056 0.075244 0.006872 0.001651 0.051074 
0.042155 0.028627 0.001109 0.001211 0.050251 0.003094 0.003747 0.189827 0.001034 0.199912 0.057703 0.002716 0.003853 0.001488 0.003354 0.012341 0.012629 0.352592 0.009109 0.023248 
0.075527 0.023281 0.008425 0.007534 0.034965 0.022124 0.019717 0.131233 0.009803 0.131796 0.038935 0.017840 0.026459 0.014455 0.027644 0.071932 0.060391 0.249666 0.006472 0.021797 
0.052138 0.029542 0.000963 0.001092 0.051777 0.002691 0.003625 0.195131 0.001238 0.194016 0.054123 0.002245 0.003772 0.001894 0.003270 0.011054 0.013375 0.346392 0.008683 0.022978 
0.073123 0.005356 0.042629 0.033479 0.005740 0.068793 0.046490 0.012162 0.035216 0.014331 0.005328 0.181331 0.059043 0.040995 0.089317 0.159503 0.098595 0.018102 0.001244 0.009224 
0.086836 0.019753 0.024836 0.027404 0.016551 0.148618 0.033579 0.046030 0.034009 0.054078 0.016647 0.039337 0.051848 0.033755 0.072525 0.128173 0.082075 0.062957 0.005127 0.015860 
0.065517 0.019854 0.023654 0.022969 0.022814 0.042270 0.155589 0.037990 0.037051 0.051612 0.013574 0.041118 0.051375 0.052039 0.096251 0.108916 0.071079 0.050147 0.004401 0.031778 
0.113239 0.004223 0.020221 0.015281 0.003611 0.053181 0.035177 0.008775 0.019798 0.010989 0.005003 0.044820 0.067962 0.029756 0.066006 0.192574 0.287249 0.014618 0.000892 0.006625 
0.063999 0.013865 0.023293 0.025510 0.014656 0.045649 0.036860 0.033845 0.172904 0.043500 0.013673 0.038092 0.047283 0.049384 0.133339 0.103712 0.073583 0.045760 0.004767 0.016325 
0.034020 0.029723 0.001019 0.001111 0.052621 0.002638 0.003914 0.300181 0.000913 0.207487 0.056023 0.001486 0.002750 0.001438 0.002595 0.008554 0.008554 0.252509 0.007455 0.025012 
0.088062 0.016251 0.029989 0.031581 0.013727 0.166540 0.032187 0.034592 0.033715 0.044042 0.012936 0.042239 0.053600 0.037210 0.082507 0.132685 0.078674 0.051596 0.003525 0.014342 
0.064331 0.013058 0.021198 0.024641 0.011841 0.051865 0.048555 0.025496 0.072257 0.038153 0.010473 0.039125 0.052430 0.057478 0.227593 0.112280 0.073684 0.035541 0.003820 0.016183 
0.076632 0.015439 0.143120 0.058712 0.014984 0.058889 0.037512 0.033439 0.035125 0.043930 0.012440 0.052526 0.047804 0.038701 0.072953 0.116443 0.074869 0.046803 0.003355 0.016324 
0.052066 0.000750 0.048210 0.034164 0.001557 0.082263 0.048378 0.002001 0.016340 0.002302 0.001143 0.214511 0.060789 0.045493 0.102890 0.179689 0.101333 0.002888 0.000468 0.002766 
0.075359 0.012937 0.059651 0.151219 0.012399 0.059619 0.038147 0.033368 0.038642 0.042197 0.012922 0.043533 0.048497 0.045652 0.077094 0.109627 0.076175 0.046614 0.002875 0.013474 
0.030208 0.029523 0.000638 0.000756 0.054052 0.001585 0.002559 0.307912 0.000799 0.209046 0.056678 0.001089 0.002220 0.001255 0.001588 0.006046 0.006612 0.254993 0.010502 0.021937 
0.047063 0.058692 0.009534 0.008449 0.085243 0.022238 0.053663 0.067472 0.011490 0.100731 0.022378 0.020698 0.024400 0.018852 0.042220 0.069720 0.048408 0.083132 0.013845 0.191775 
0.055875 0.005576 0.029230 0.035594 0.005443 0.054774 0.057021 0.010343 0.062134 0.014978 0.004764 0.043335 0.072433 0.192529 0.140686 0.117498 0.071688 0.015607 0.001162 0.009330 
0.034379 0.052443 0.003857 0.003093 0.200185 0.008734 0.026429 0.116228 0.002576 0.190575 0.040451 0.008790 0.010754 0.006832 0.013078 0.030985 0.025000 0.140498 0.013392 0.071722 
0.336007 0.014349 0.011340 0.011394 0.011891 0.037521 0.021736 0.036720 0.015115 0.043936 0.015528 0.026883 0.047183 0.019396 0.041245 0.121494 0.114611 0.060335 0.002477 0.010841 
0.100746 0.009074 0.023527 0.020284 0.008492 0.057380 0.034932 0.020521 0.027099 0.025226 0.008173 0.050653 0.066544 0.036972 0.077023 0.273309 0.118440 0.029587 0.001155 0.010863 
0.029127 0.029451 0.000739 0.000851 0.053809 0.001507 0.002018 0.298127 0.000690 0.221937 0.056518 0.001111 0.002043 0.000987 0.001449 0.004735 0.005199 0.262571 0.007496 0.019636 
0.086434 0.016142 0.030517 0.031284 0.014043 0.166255 0.033790 0.035006 0.032959 0.043664 0.013123 0.045979 0.051280 0.035838 0.082072 0.136262 0.079939 0.048241 0.003391 0.013780 
0.063357 0.002042 0.080049 0.225747 0.003127 0.076009 0.031598 0.007396 0.038952 0.009274 0.003108 0.050632 0.057071 0.060493 0.091381 0.112297 0.069129 0.012685 0.000490 0.005163 
0.079169 0.020793 0.011354 0.012056 0.029023 0.027351 0.021338 0.124188 0.012879 0.119887 0.037084 0.019055 0.031286 0.017423 0.032701 0.078779 0.063643 0.237976 0.005122 0.018893 
0.079674 0.005329 0.042125 0.030752 0.006635 0.068656 0.046268 0.013535 0.023387 0.019656 0.006722 0.177693 0.056600 0.041868 0.082391 0.161783 0.103141 0.023221 0.001375 0.009190 
0.058254 0.006480 0.030324 0.038641 0.006224 0.053790 0.057712 0.012012 0.051125 0.017090 0.005111 0.042994 0.069474 0.186577 0.136767 0.120750 0.075686 0.018859 0.001544 0.010587 
0.075624 0.008017 0.155461 0.070804 0.009082 0.068514 0.038247 0.019301 0.032438 0.027358 0.008621 0.061788 0.051832 0.042180 0.079412 0.129423 0.079080 0.028275 0.001874 0.012667 
0.065513 0.025118 0.008592 0.008640 0.045116 0.022575 0.020467 0.119809 0.011581 0.249178 0.043615 0.016122 0.027010 0.017099 0.029305 0.064177 0.055199 0.138035 0.008004 0.024844 
0.065448 0.017120 0.021332 0.024676 0.016315 0.044531 0.036672 0.039215 0.157385 0.051186 0.014276 0.038355 0.045043 0.046246 0.129740 0.103648 0.074570 0.050878 0.005558 0.017806 
0.041575 0.075245 0.007942 0.007111 0.091068 0.017208 0.057882 0.068243 0.007928 0.108840 0.026039 0.016319 0.019092 0.016832 0.032937 0.054482 0.039014 0.083914 0.014018 0.214312 
0.171631 0.019213 0.021366 0.020244 0.019280 0.049041 0.030165 0.056510 0.027304 0.061761 0.020533 0.035209 0.054287 0.029849 0.061933 0.128523 0.091587 0.079602 0.004532 0.017428 
0.085422 0.020508 0.027672 0.025950 0.017411 0.144670 0.032971 0.044974 0.034697 0.053697 0.015928 0.041295 0.050696 0.033251 0.075763 0.128611 0.082122 0.062881 0.004819 0.016660 
0.064578 0.008413 0.072294 0.178945 0.007874 0.066517 0.032685 0.017515 0.051991 0.022453 0.007141 0.049811 0.051179 0.054150 0.089526 0.114285 0.073737 0.024744 0.001470 0.010694 
0.082880 0.018533 0.020539 0.020492 0.019891 0.043334 0.035419 0.048512 0.029556 0.064417 0.017984 0.034773 0.149081 0.036655 0.071979 0.129999 0.086688 0.067125 0.004449 0.017696 
0.115244 0.006587 0.022026 0.018956 0.008382 0.051890 0.030521 0.020834 0.017216 0.027406 0.008457 0.044375 0.063088 0.032044 0.067653 0.178720 0.245491 0.031752 0.001265 0.008093 
0.063564 0.017526 0.021913 0.025244 0.014086 0.051273 0.047299 0.032121 0.065070 0.043879 0.013209 0.037806 0.050980 0.052090 0.208700 0.113592 0.074013 0.045652 0.004922 0.017062 
0.045700 0.028605 0.001552 0.001957 0.049250 0.004670 0.005590 0.187635 0.001833 0.191165 0.053732 0.003452 0.005557 0.002779 0.005116 0.019171 0.017403 0.340622 0.008473 0.025737 
0.073523 0.012498 0.068569 0.160987 0.010446 0.062675 0.037558 0.024114 0.036542 0.030566 0.008670 0.045420 0.051462 0.051071 0.081113 0.118149 0.074598 0.035315 0.002908 0.013817 
0.033245 0.029224 0.000733 0.000880 0.052336 0.002290 0.003107 0.299410 0.000826 0.211258 0.056237 0.001426 0.002254 0.001088 0.002025 0.007208 0.009093 0.253560 0.008121 0.025677 
0.085633 0.021589 0.027995 0.027945 0.017619 0.148432 0.032768 0.046326 0.032524 0.052912 0.015659 0.039846 0.050117 0.032151 0.073162 0.128407 0.082685 0.062828 0.004432 0.016971 
0.076771 0.011735 0.152892 0.062623 0.011899 0.066785 0.040026 0.026131 0.032401 0.033069 0.010038 0.056920 0.050040 0.040366 0.075536 0.122339 0.077865 0.037141 0.003066 0.012357 
0.066401 0.015796 0.021258 0.024604 0.013767 0.051194 0.046737 0.032959 0.072500 0.043703 0.014161 0.038455 0.052754 0.050728 0.207717 0.111201 0.073129 0.042710 0.004800 0.015426 
0.071794 0.001785 0.042035 0.029098 0.003079 0.075258 0.047271 0.005510 0.024510 0.007331 0.002772 0.195986 0.061191 0.044256 0.093901 0.174547 0.103030 0.008754 0.000783 0.007109 
0.062062 0.014986 0.022285 0.025038 0.012098 0.051494 0.051463 0.025683 0.074790 0.034243 0.011780 0.041320 0.051992 0.055707 0.218917 0.115446 0.077349 0.033958 0.004485 0.014906 
0.039879 0.029563 0.000953 0.001111 0.051559 0.003369 0.003899 0.290857 0.001203 0.206835 0.055360 0.002235 0.004448 0.001810 0.003758 0.011718 0.011298 0.249150 0.007266 0.023730 
0.028833 0.000310 0.025118 0.024008 0.000570 0.082014 0.040893 0.000792 0.037322 0.001279 0.000480 0.050391 0.076249 0.085442 0.346450 0.130691 0.066529 0.001252 0.000139 0.001239 
0.049265 0.002215 0.093034 0.235168 0.002450 0.075509 0.033022 0.004662 0.052803 0.007032 0.002372 0.052739 0.052044 0.061371 0.090563 0.108059 0.064662 0.007674 0.000475 0.004880 
0.087849 0.018336 0.023424 0.021674 0.015440 0.053370 0.034054 0.037643 0.030474 0.047878 0.014302 0.045305 0.061173 0.032525 0.067834 0.234223 0.102768 0.053657 0.002981 0.015091 
0.044710 0.028000 0.000793 0.001264 0.050816 0.003477 0.003599 0.187373 0.000949 0.202308 0.058278 0.002148 0.003846 0.001694 0.003374 0.012575 0.012750 0.351435 0.008003 0.022608 
0.105579 0.011680 0.020165 0.018249 0.012125 0.046908 0.030589 0.036404 0.023920 0.041996 0.015776 0.040888 0.057601 0.029275 0.063002 0.158438 0.219733 0.052974 0.002624 0.012074 
0.024091 0.027475 0.000565 0.000654 0.054955 0.001105 0.002160 0.310793 0.000699 0.220716 0.053470 0.000692 0.001191 0.000569 0.001238 0.003017 0.004265 0.263208 0.008418 0.020720 
0.058027 0.017247 0.020359 0.017368 0.017185 0.038449 0.253966 0.021472 0.022892 0.031995 0.007848 0.043555 0.051921 0.048613 0.106354 0.108879 0.069598 0.027631 0.003120 0.033522 
0.050674 0.001121 0.024921 0.026468 0.001392 0.068685 0.049205 0.002748 0.057158 0.003978 0.001445 0.048287 0.067287 0.079375 0.310673 0.123784 0.074192 0.003796 0.000269 0.004543 
0.080955 0.006164 0.035901 0.033394 0.006141 0.208741 0.036079 0.015302 0.034229 0.021055 0.006199 0.050146 0.055831 0.039702 0.096324 0.150023 0.091822 0.023215 0.001122 0.007656 
0.115449 0.007228 0.020698 0.015381 0.010193 0.048650 0.031090 0.029598 0.012831 0.035042 0.010680 0.044695 0.056615 0.028912 0.062695 0.177556 0.237945 0.042659 0.001960 0.010123 
0.083565 0.017952 0.014477 0.014264 0.023948 0.034277 0.026355 0.098161 0.020205 0.097814 0.028801 0.026631 0.041279 0.025063 0.046492 0.096387 0.079068 0.202409 0.004622 0.018231 
0.066457 0.016439 0.023572 0.028424 0.017108 0.044185 0.050004 0.039062 0.047310 0.056189 0.015927 0.036893 0.055634 0.143707 0.100971 0.105880 0.073537 0.055217 0.005070 0.018412 
0.085362 0.018450 0.029099 0.028997 0.015029 0.156376 0.032233 0.039937 0.032931 0.052536 0.016709 0.041841 0.052384 0.033891 0.077823 0.129749 0.078912 0.057739 0.004332 0.015669 
0.088950 0.021343 0.025505 0.026951 0.018715 0.142230 0.033257 0.046562 0.031730 0.056218 0.016583 0.040472 0.047573 0.032619 0.073618 0.128296 0.082239 0.065334 0.004951 0.016853 
0.085410 0.009405 0.036103 0.031999 0.008682 0.187117 0.032939 0.022222 0.034845 0.029279 0.009786 0.047933 0.057178 0.038908 0.090117 0.145078 0.085268 0.035119 0.002600 0.010010 
0.057891 0.028314 0.007152 0.006092 0.049202 0.017830 0.020221 0.127571 0.008704 0.257935 0.045192 0.015152 0.021969 0.013159 0.026900 0.060229 0.051807 0.148909 0.008319 0.027453 
0.130796 0.002083 0.016507 0.014712 0.002616 0.052621 0.035396 0.005430 0.012189 0.007197 0.003132 0.044718 0.065480 0.028201 0.064264 0.205797 0.293039 0.010149 0.000643 0.005031 
0.058549 0.015069 0.023543 0.028064 0.011163 0.045129 0.041883 0.028089 0.184022 0.033983 0.011142 0.040829 0.051292 0.050631 0.146608 0.104564 0.070100 0.036755 0.004114 0.014470 
0.076691 0.023535 0.005031 0.004258 0.038336 0.014603 0.011158 0.153020 0.006354 0.162299 0.045260 0.010526 0.019043 0.008647 0.015361 0.045623 0.041793 0.291458 0.006243 0.020761 
0.085420 0.019666 0.029357 0.027959 0.015213 0.157665 0.033522 0.041191 0.033404 0.051965 0.015429 0.042499 0.050351 0.033585 0.074187 0.130839 0.081734 0.057248 0.004035 0.014729 
0.093880 0.015694 0.024383 0.021350 0.014170 0.053270 0.035795 0.037012 0.022064 0.044386 0.012588 0.047887 0.060608 0.031701 0.064915 0.245045 0.107396 0.047079 0.003423 0.017355 
0.074325 0.016499 0.139090 0.057953 0.016642 0.057921 0.037306 0.037443 0.032903 0.047074 0.014312 0.051149 0.046784 0.037109 0.068991 0.118683 0.075510 0.049481 0.002976 0.017850 
0.052647 0.000452 0.051362 0.033855 0.000898 0.077930 0.045602 0.001466 0.016763 0.002497 0.000724 0.223344 0.066109 0.048145 0.101625 0.175549 0.095161 0.002285 0.000248 0.003337 
0.054325 0.031160 0.003724 0.003693 0.056571 0.010566 0.011851 0.150993 0.003213 0.299475 0.054306 0.007096 0.011672 0.006592 0.011435 0.033641 0.030466 0.178306 0.009413 0.031502 
0.030090 0.038673 0.000801 0.000866 0.071497 0.001589 0.003403 0.175797 0.000680 0.340993 0.064178 0.001317 0.001623 0.001068 0.001793 0.005061 0.006528 0.214235 0.011780 0.028025 
0.046072 0.026355 0.002401 0.001857 0.047528 0.007302 0.007838 0.150628 0.002243 0.200436 0.208196 0.005593 0.008133 0.004525 0.008088 0.024647 0.024748 0.189452 0.008697 0.025260 
0.036564 0.029328 0.002551 0.002751 0.048303 0.006021 0.010259 0.277258 0.001534 0.189039 0.055741 0.005653 0.007598 0.003942 0.007944 0.026697 0.025725 0.229188 0.007784 0.026120 
0.078360 0.004406 0.038572 0.029300 0.006816 0.065833 0.046590 0.012183 0.032478 0.016067 0.005155 0.169555 0.058731 0.041923 0.085742 0.170120 0.103023 0.019502 0.001757 0.013887 
0.297088 0.014325 0.011308 0.011291 0.014741 0.040070 0.023589 0.045527 0.016125 0.049721 0.016692 0.026519 0.049248 0.019970 0.045691 0.123290 0.108118 0.070430 0.002834 0.013423 
0.058682 0.014362 0.024506 0.022478 0.014470 0.045067 0.224661 0.019489 0.029932 0.027425 0.007631 0.046678 0.056006 0.054547 0.106029 0.114713 0.069957 0.027560 0.002818 0.032988 
0.027796 0.031695 0.000640 0.000807 0.054154 0.001757 0.002260 0.304813 0.000710 0.216207 0.056963 0.000912 0.001558 0.000771 0.001283 0.004525 0.004783 0.260000 0.008289 0.020077 
0.208179 0.012893 0.021562 0.019272 0.016373 0.050118 0.028076 0.044867 0.023169 0.056734 0.015470 0.035606 0.056004 0.026284 0.054673 0.142536 0.101812 0.069232 0.004071 0.013068 
0.060375 0.017177 0.020089 0.018542 0.020811 0.038585 0.215511 0.025327 0.025783 0.042529 0.010721 0.045865 0.052012 0.048642 0.102910 0.108749 0.068316 0.035859 0.003468 0.038727 
0.076127 0.006033 0.169978 0.069102 0.006549 0.073026 0.037799 0.016389 0.030648 0.021961 0.007043 0.064031 0.052701 0.042026 0.078664 0.130766 0.081376 0.024314 0.001371 0.010095 
0.024787 0.420960 0.001598 0.001173 0.068465 0.002746 0.009878 0.083455 0.000965 0.119638 0.026901 0.002892 0.003756 0.001990 0.004337 0.011458 0.009685 0.104216 0.027190 0.073910 
0.090970 0.018858 0.020234 0.021864 0.018329 0.043775 0.030241 0.053363 0.029419 0.060940 0.019644 0.037302 0.055057 0.030458 0.062289 0.134202 0.182367 0.070167 0.004970 0.015550 
0.057254 0.028331 0.001240 0.001469 0.047502 0.004009 0.004910 0.187721 0.001348 0.195738 0.056891 0.002803 0.005240 0.002195 0.004221 0.014296 0.016292 0.339017 0.009342 0.020181 
0.086796 0.014150 0.030581 0.029312 0.014354 0.164221 0.033154 0.035367 0.032824 0.042569 0.012684 0.044932 0.052941 0.034548 0.078643 0.136848 0.084708 0.052024 0.004349 0.014993 
0.077469 0.008066 0.038301 0.030931 0.009947 0.062889 0.044740 0.020976 0.034021 0.027537 0.008800 0.160888 0.053803 0.038999 0.079968 0.158156 0.097185 0.030797 0.002593 0.013933 
0.066417 0.017185 0.021572 0.022485 0.015054 0.050551 0.048240 0.034556 0.066871 0.044218 0.011856 0.038749 0.052697 0.050997 0.207234 0.108131 0.074649 0.045001 0.005452 0.018084 
0.013385 0.448024 0.000732 0.000725 0.068905 0.001454 0.005247 0.082094 0.000737 0.125511 0.028811 0.001289 0.001180 0.000783 0.001387 0.004835 0.004908 0.107934 0.029324 0.072737 
0.059651 0.026241 0.002999 0.003257 0.045095 0.009636 0.010484 0.263424 0.003699 0.185071 0.048640 0.006472 0.012627 0.006387 0.011766 0.030447 0.031247 0.212241 0.007335 0.023281 
0.041035 0.033674 0.001149 0.001384 0.063330 0.003862 0.005050 0.170031 0.000998 0.331321 0.062102 0.002547 0.003870 0.002180 0.003609 0.011703 0.011327 0.209134 0.012204 0.029489 
0.215254 0.013967 0.018971 0.016592 0.014949 0.049559 0.026818 0.046235 0.020863 0.054925 0.017092 0.032544 0.056466 0.026434 0.056211 0.140423 0.103787 0.072030 0.003113 0.013767 
0.072157 0.007970 0.041138 0.031895 0.005996 0.067097 0.043655 0.014347 0.037082 0.018569 0.006163 0.172013 0.058613 0.040385 0.086287 0.160673 0.100414 0.023469 0.001580 0.010497 
0.072826 0.016436 0.033263 0.026946 0.014777 0.055548 0.041723 0.032937 0.036806 0.041429 0.012959 0.146591 0.053871 0.036253 0.078350 0.144629 0.090870 0.044350 0.003164 0.016271 
0.230778 0.019236 0.016335 0.016996 0.017803 0.045185 0.027130 0.048578 0.022137 0.054914 0.018784 0.030919 0.051740 0.027741 0.052281 0.129107 0.100088 0.072337 0.003944 0.013965 
0.092839 0.018500 0.019072 0.020185 0.015917 0.047204 0.030695 0.047841 0.028129 0.053847 0.016387 0.039383 0.053913 0.030728 0.065145 0.144225 0.193201 0.065911 0.003667 0.013211 
0.027099 0.037422 0.000519 0.000662 0.072303 0.001708 0.001616 0.180601 0.000752 0.347614 0.064373 0.000797 0.001331 0.000867 0.001109 0.003011 0.004215 0.222479 0.010422 0.021101 
0.208753 0.016607 0.020157 0.018680 0.015750 0.048304 0.029136 0.045855 0.023338 0.054429 0.017774 0.034491 0.055123 0.026557 0.055308 0.137376 0.103815 0.069554 0.003508 0.015483 
0.086597 0.009288 0.033794 0.034336 0.009936 0.180972 0.034216 0.025132 0.034150 0.031783 0.010137 0.046547 0.054684 0.036334 0.087059 0.144608 0.087155 0.038287 0.002655 0.012330 
0.060257 0.014140 0.021361 0.020293 0.021068 0.041359 0.205390 0.025556 0.036450 0.042868 0.009678 0.040436 0.049791 0.049447 0.102091 0.111984 0.069646 0.037525 0.003475 0.037185 
0.054255 0.027146 0.001658 0.001816 0.047156 0.004256 0.005294 0.187182 0.001814 0.191499 0.053736 0.003691 0.006099 0.002885 0.006408 0.016562 0.017812 0.340281 0.007868 0.022581 
0.088304 0.022078 0.021879 0.021061 0.016761 0.052462 0.034641 0.040020 0.032169 0.051336 0.016678 0.041533 0.059921 0.032925 0.070484 0.223411 0.095994 0.057090 0.004391 0.016861 
0.036434 0.029030 0.000748 0.000755 0.051960 0.001800 0.001764 0.199626 0.000698 0.211158 0.057383 0.001020 0.001734 0.000846 0.001433 0.004625 0.006291 0.367755 0.007791 0.017151 
0.073478 0.015608 0.143834 0.061043 0.013205 0.059188 0.035669 0.032599 0.032169 0.042428 0.011728 0.054582 0.051164 0.038624 0.072955 0.117725 0.078325 0.046701 0.003562 0.015414 
0.071087 0.012026 0.150671 0.066901 0.012881 0.063494 0.037673 0.030255 0.035534 0.037621 0.010844 0.056086 0.047823 0.040214 0.072109 0.118120 0.074734 0.043854 0.003221 0.014850 
0.056172 0.039910 0.009614 0.008066 0.166973 0.023571 0.032726 0.085770 0.011789 0.132888 0.028389 0.021398 0.026686 0.018148 0.032269 0.074697 0.053101 0.098828 0.009161 0.069842 
0.236607 0.013530 0.016885 0.016246 0.014713 0.048222 0.027148 0.047677 0.021599 0.053347 0.016859 0.031303 0.055786 0.026239 0.051394 0.133246 0.104036 0.068050 0.003816 0.013298 
0.068901 0.020046 0.009992 0.009161 0.034510 0.023222 0.019766 0.219263 0.011511 0.137684 0.037451 0.016550 0.027365 0.015439 0.029373 0.070088 0.060318 0.161827 0.005326 0.022207 
0.040627 0.031643 0.001223 0.001023 0.050082 0.002874 0.003518 0.294020 0.001231 0.206708 0.056439 0.002089 0.003230 0.001467 0.002950 0.011405 0.012275 0.245862 0.007900 0.023435 
0.085292 0.017087 0.030658 0.029059 0.014753 0.162354 0.033153 0.036127 0.034897 0.044551 0.012930 0.041945 0.054189 0.036798 0.078357 0.132289 0.085882 0.051399 0.003976 0.014307 
0.084959 0.019404 0.028955 0.027582 0.015828 0.153049 0.034428 0.043556 0.032206 0.054333 0.014917 0.042651 0.049536 0.031832 0.076322 0.130266 0.080051 0.059332 0.004053 0.016738 
0.042623 0.019416 0.003097 0.002245 0.044124 0.006380 0.011453 0.154287 0.002423 0.197223 0.212107 0.008150 0.008157 0.004957 0.008170 0.028643 0.029602 0.187657 0.008395 0.020888 
0.125772 0.003616 0.017466 0.015785 0.003379 0.052625 0.034856 0.007370 0.015584 0.008863 0.003983 0.044090 0.066064 0.030814 0.068541 0.196489 0.285081 0.012660 0.000850 0.006112 
0.200548 0.017288 0.018990 0.018507 0.017342 0.048284 0.028503 0.050445 0.022384 0.058399 0.018566 0.034242 0.058460 0.027030 0.056271 0.134471 0.099238 0.071600 0.003530 0.015901 
0.063392 0.029664 0.001830 0.001680 0.045577 0.006115 0.005885 0.183140 0.002188 0.191483 0.051568 0.004459 0.007073 0.003094 0.006620 0.019121 0.019837 0.327683 0.007736 0.021855 
0.054942 0.006037 0.023860 0.023317 0.008927 0.048896 0.256076 0.008730 0.026223 0.012248 0.003912 0.047675 0.064068 0.060967 0.113461 0.124922 0.077850 0.012515 0.001987 0.023387 
0.061458 0.011025 0.028112 0.033102 0.010568 0.049799 0.058137 0.021233 0.052823 0.028209 0.008800 0.040233 0.065354 0.169376 0.122266 0.116447 0.074346 0.030961 0.002533 0.015216 
0.065523 0.026861 0.015302 0.016204 0.135279 0.036503 0.037793 0.064842 0.022046 0.100960 0.023106 0.026992 0.042218 0.027538 0.054228 0.098903 0.067461 0.077256 0.006763 0.054224 
0.042741 0.333266 0.005913 0.006491 0.057079 0.013722 0.025308 0.064998 0.006278 0.100093 0.022125 0.012280 0.017152 0.010463 0.022349 0.050622 0.037858 0.082942 0.023580 0.064739 
0.065249 0.021586 0.007820 0.008570 0.037290 0.018587 0.017641 0.233915 0.008254 0.143834 0.039708 0.015175 0.022971 0.011770 0.025030 0.062257 0.055341 0.176973 0.006437 0.021592 
0.038087 0.027266 0.000933 0.000957 0.052664 0.002380 0.002901 0.303546 0.000920 0.208381 0.053612 0.001584 0.003164 0.001419 0.001853 0.007575 0.008416 0.254425 0.008271 0.021647 
0.086337 0.009986 0.034039 0.031114 0.008054 0.187177 0.034871 0.020934 0.035382 0.026137 0.008886 0.050031 0.056593 0.038667 0.087484 0.148688 0.090536 0.031790 0.002360 0.010932 
0.173683 0.021173 0.021275 0.022533 0.019224 0.047837 0.030236 0.053575 0.028263 0.065303 0.018341 0.033546 0.055152 0.031749 0.060140 0.130543 0.090340 0.075855 0.003887 0.017347 
0.055272 0.010631 0.023761 0.022652 0.012514 0.049268 0.223233 0.013097 0.040413 0.018803 0.005468 0.044838 0.059568 0.059638 0.109153 0.123257 0.075740 0.017249 0.002220 0.033225 
0.043191 0.030827 0.001120 0.001147 0.052656 0.002475 0.003003 0.189719 0.000862 0.204755 0.057155 0.001622 0.003783 0.001399 0.002808 0.008789 0.010918 0.354579 0.008914 0.020278 
0.071882 0.018687 0.009547 0.010116 0.031898 0.026478 0.020239 0.106756 0.014194 0.138362 0.150872 0.019379 0.030548 0.017802 0.035826 0.078420 0.069488 0.123310 0.006314 0.019883 
0.056796 0.027478 0.001997 0.001903 0.047732 0.006552 0.007402 0.176733 0.002457 0.188637 0.051064 0.005053 0.008184 0.003122 0.006338 0.021076 0.021857 0.329942 0.009174 0.026502 
0.088246 0.020675 0.028867 0.026782 0.015702 0.148753 0.032339 0.043078 0.033068 0.052792 0.016238 0.042031 0.051258 0.031635 0.070544 0.133547 0.082778 0.060125 0.004433 0.017111 
0.086369 0.016754 0.029547 0.029335 0.014645 0.163209 0.033697 0.035529 0.034127 0.046163 0.013217 0.043020 0.050795 0.033332 0.078413 0.133386 0.083948 0.054931 0.003599 0.015986 
0.067552 0.213488 0.013883 0.014516 0.037641 0.034214 0.035477 0.051099 0.019332 0.072794 0.018188 0.025417 0.038448 0.022917 0.051874 0.095064 0.064598 0.066634 0.012604 0.044261 
0.105908 0.004717 0.025785 0.020995 0.006177 0.058012 0.039636 0.014619 0.021706 0.018330 0.007141 0.054649 0.071082 0.034388 0.075595 0.280607 0.127698 0.023077 0.001338 0.008539 
0.087839 0.020762 0.028464 0.026829 0.016758 0.147809 0.033367 0.044063 0.033191 0.054107 0.015624 0.041893 0.050757 0.031753 0.073508 0.130010 0.080261 0.062232 0.004914 0.015859 
0.055903 0.027839 0.001921 0.002019 0.046226 0.005655 0.005916 0.176770 0.002132 0.186851 0.051377 0.005414 0.008278 0.003042 0.006791 0.024354 0.021144 0.335231 0.009236 0.023902 
0.198576 0.015070 0.020823 0.018755 0.015600 0.051679 0.030671 0.047619 0.021220 0.056536 0.016403 0.037330 0.055990 0.029016 0.057083 0.136657 0.100239 0.072370 0.003536 0.014826 
0.053398 0.003838 0.031581 0.038746 0.004551 0.054127 0.060842 0.006696 0.057651 0.010798 0.002879 0.046311 0.071817 0.192056 0.138424 0.128955 0.074329 0.013024 0.001084 0.008893 
0.036801 0.000510 0.218094 0.114737 0.000952 0.086974 0.032059 0.001459 0.031236 0.001896 0.000935 0.079201 0.052945 0.052780 0.090397 0.125316 0.068411 0.002824 0.000165 0.002307 
0.036362 0.032024 0.000665 0.000758 0.052185 0.001709 0.002741 0.200688 0.000741 0.206259 0.056917 0.000991 0.001724 0.000766 0.001196 0.003939 0.005451 0.369012 0.006540 0.019331 
0.064435 0.001593 0.019127 0.021493 0.001869 0.061899 0.047565 0.003300 0.028670 0.004870 0.001631 0.046119 0.224774 0.049458 0.093727 0.200482 0.117733 0.005341 0.000690 0.005223 
0.078818 0.003940 0.022203 0.024466 0.005204 0.057616 0.045522 0.009320 0.032867 0.012535 0.003728 0.046552 0.211217 0.048514 0.087024 0.178590 0.106661 0.016280 0.001134 0.007811 
0.034055 0.071477 0.001118 0.001156 0.075212 0.002728 0.023342 0.049685 0.001271 0.085434 0.020565 0.002487 0.004846 0.002544 0.004928 0.009897 0.009752 0.066294 0.017148 0.516060 
0.054476 0.030160 0.001333 0.001197 0.050035 0.004540 0.004302 0.185568 0.001337 0.194142 0.054294 0.002572 0.006022 0.002331 0.004015 0.012854 0.012724 0.347348 0.008456 0.022293 
0.067131 0.019317 0.010279 0.010246 0.033216 0.025230 0.020315 0.214544 0.013719 0.128547 0.036659 0.019510 0.030972 0.016415 0.032535 0.073144 0.065259 0.156813 0.006092 0.020055 
0.307949 0.013173 0.013942 0.012872 0.013304 0.040692 0.023450 0.038070 0.015302 0.043081 0.015705 0.027639 0.048375 0.021380 0.042835 0.133049 0.112273 0.061122 0.002560 0.013228 
0.063629 0.011532 0.026450 0.032823 0.011033 0.050927 0.055156 0.023910 0.054212 0.032086 0.009378 0.040597 0.064368 0.168287 0.119313 0.114670 0.071408 0.031160 0.003044 0.016019 
0.086035 0.018706 0.029509 0.027819 0.016053 0.152945 0.031333 0.041147 0.035047 0.051229 0.014715 0.042272 0.051675 0.032837 0.075519 0.131328 0.082234 0.059247 0.005164 0.015186 
0.074834 0.015762 0.031620 0.025367 0.014528 0.056428 0.042663 0.033665 0.037342 0.043939 0.013035 0.152263 0.049086 0.036515 0.078818 0.138897 0.085622 0.048891 0.004040 0.016687 
0.065926 0.022569 0.021976 0.021478 0.023221 0.044088 0.135534 0.042646 0.039098 0.056507 0.016454 0.040150 0.050734 0.048865 0.095014 0.112355 0.071889 0.055180 0.005222 0.031096 
0.214702 0.014454 0.019265 0.017964 0.015562 0.047782 0.027732 0.047688 0.023625 0.055092 0.017234 0.034732 0.053693 0.026945 0.057018 0.137314 0.101589 0.069869 0.003023 0.014718 
0.092093 0.017364 0.020347 0.019973 0.016175 0.048614 0.032074 0.047084 0.029970 0.052525 0.016906 0.038809 0.055430 0.030290 0.061728 0.141101 0.197644 0.062003 0.003814 0.016056 
0.085640 0.006089 0.023131 0.021988 0.006556 0.054511 0.039564 0.014225 0.031020 0.019218 0.005667 0.041396 0.201016 0.045752 0.083551 0.175452 0.109272 0.023800 0.001624 0.010528 
0.060697 0.033484 0.011676 0.011013 0.156118 0.026690 0.032155 0.079551 0.015677 0.123728 0.025593 0.022882 0.032937 0.021232 0.040150 0.082851 0.059852 0.095467 0.007453 0.060794 
0.085227 0.021833 0.026233 0.027400 0.016868 0.148073 0.032722 0.045831 0.033464 0.056620 0.016692 0.039558 0.050098 0.032672 0.072404 0.129131 0.080818 0.063624 0.004205 0.016528 
0.045031 0.028269 0.000831 0.001174 0.052088 0.002860 0.003501 0.194715 0.000808 0.200487 0.058394 0.001958 0.003135 0.001609 0.002924 0.008929 0.009310 0.355359 0.008241 0.020377 
0.068909 0.010470 0.038855 0.029309 0.009994 0.060676 0.043936 0.021082 0.039537 0.027868 0.008677 0.166600 0.055254 0.041228 0.086383 0.154270 0.092169 0.030069 0.002187 0.012526 
0.067170 0.021338 0.007419 0.008029 0.035525 0.022503 0.017909 0.229645 0.010819 0.141122 0.043120 0.016209 0.026452 0.012269 0.027730 0.064361 0.056645 0.167461 0.004958 0.019317 
0.075647 0.015272 0.057398 0.148131 0.015132 0.059001 0.035609 0.035150 0.037441 0.044828 0.013517 0.040401 0.050725 0.044827 0.073924 0.111238 0.073487 0.049875 0.003243 0.015152 
0.085387 0.017557 0.029289 0.026814 0.016323 0.153031 0.034518 0.040468 0.031959 0.051710 0.015420 0.041810 0.049292 0.034559 0.079399 0.130261 0.082320 0.058626 0.004309 0.016948 
0.018286 0.035986 0.000678 0.000683 0.071145 0.001334 0.002609 0.181136 0.000672 0.345490 0.066120 0.000943 0.001543 0.000901 0.001149 0.004140 0.004737 0.223526 0.010619 0.028305 
0.063959 0.015578 0.023679 0.027571 0.013061 0.045595 0.042485 0.031797 0.164545 0.043049 0.012198 0.039751 0.047679 0.048760 0.135261 0.106229 0.075409 0.042716 0.004835 0.015845 
0.069628 0.020907 0.020766 0.023486 0.017486 0.048026 0.046757 0.040507 0.061134 0.054224 0.014336 0.035532 0.050621 0.047080 0.187164 0.109777 0.075026 0.053440 0.005736 0.018367 
0.046149 0.002043 0.027435 0.031863 0.002816 0.066303 0.051555 0.003798 0.078184 0.005961 0.002262 0.046433 0.062135 0.070568 0.279022 0.129048 0.079104 0.007366 0.000751 0.007202 
0.085147 0.021711 0.026518 0.024994 0.018434 0.140310 0.033594 0.048758 0.031626 0.058939 0.017549 0.040662 0.048323 0.033296 0.073978 0.123774 0.080582 0.068215 0.005211 0.018379 
0.022550 0.065033 0.000990 0.001153 0.214752 0.002867 0.009739 0.135473 0.000944 0.204361 0.046474 0.002216 0.002999 0.002019 0.003915 0.008514 0.007749 0.165543 0.015550 0.087158 
0.085619 0.019827 0.021008 0.019236 0.019500 0.050883 0.033613 0.047676 0.029579 0.058568 0.016802 0.041695 0.057680 0.032392 0.067049 0.217435 0.095408 0.062619 0.004427 0.018982 
0.067261 0.020743 0.021374 0.023990 0.017908 0.048814 0.047218 0.038861 0.058658 0.054326 0.014876 0.037841 0.048565 0.046488 0.188497 0.112276 0.074809 0.053648 0.006088 0.017760 
0.072952 0.013589 0.064009 0.156830 0.011362 0.060978 0.036796 0.026531 0.043448 0.035655 0.010919 0.044017 0.047799 0.047879 0.083647 0.112450 0.073696 0.040989 0.002968 0.013485 
0.249963 0.012898 0.015693 0.015021 0.013636 0.045232 0.027253 0.040031 0.019355 0.048207 0.016298 0.034632 0.055879 0.025248 0.050595 0.144196 0.108714 0.061224 0.003195 0.012731 
0.054058 0.029122 0.002317 0.002820 0.048037 0.007535 0.007816 0.275889 0.002788 0.188838 0.050555 0.005005 0.008848 0.004531 0.007783 0.023968 0.025266 0.223181 0.008415 0.023227 
0.090887 0.017340 0.018922 0.020402 0.016191 0.046257 0.030694 0.050535 0.027959 0.061422 0.018518 0.037181 0.055234 0.031203 0.064727 0.134152 0.186206 0.071260 0.003574 0.017335 
0.225766 0.014444 0.018020 0.016382 0.014153 0.048999 0.028619 0.043821 0.021307 0.053197 0.016988 0.034961 0.056484 0.027509 0.053557 0.137728 0.103521 0.067695 0.002914 0.013936 
0.012059 0.028844 0.000521 0.000652 0.057185 0.001006 0.001207 0.321282 0.000584 0.221701 0.056044 0.000514 0.000709 0.000499 0.000730 0.001642 0.002140 0.270129 0.008188 0.014366 
0.054251 0.004574 0.026943 0.029666 0.004259 0.063742 0.052656 0.009105 0.084259 0.011043 0.003721 0.043756 0.060285 0.065979 0.260754 0.123836 0.077829 0.012448 0.001004 0.009889 
0.074367 0.019114 0.032408 0.026474 0.013670 0.051648 0.043915 0.035991 0.034375 0.043897 0.013456 0.145047 0.049320 0.037266 0.076255 0.143287 0.088204 0.048966 0.004664 0.017677 
0.392643 0.013757 0.009266 0.008602 0.011478 0.031379 0.021311 0.034564 0.010904 0.041567 0.015045 0.021187 0.039167 0.018476 0.035595 0.109580 0.111222 0.058211 0.003059 0.012986 
0.028931 0.081685 0.002650 0.002765 0.094683 0.006529 0.037028 0.071297 0.001810 0.116839 0.027199 0.005702 0.007582 0.006335 0.011110 0.020121 0.016465 0.088603 0.016581 0.356085 
0.058406 0.014258 0.020706 0.025541 0.011904 0.044128 0.038898 0.029571 0.209980 0.037563 0.011316 0.037750 0.044663 0.048913 0.144439 0.099570 0.067550 0.037437 0.003614 0.013793 
